1 1 -6.63063133e+03
2 1 -5.62604329e-05
3 1 5.78583333e+03
4 1 3.45610273e-05
5 1 -2.19861667e+02
6 1 8.50892491e-05
11 1 -7.84800017e+02
12 1 -6.04447196e+01
17 1 -7.84799983e+02
18 1 6.04447170e+01
43 1 6.63063133e+03
44 1 5.62604329e-05
45 1 -5.78583333e+03
46 1 -2.33089407e-05
47 1 4.77404040e+03
48 1 -3.95650208e-05
1 2 -5.62604329e-05
2 2 -4.75103533e+03
3 2 -6.91220546e-05
4 2 -3.07930667e+03
5 2 2.62663807e-06
6 2 1.27680417e+03
10 2 7.84800017e+02
12 2 1.16124975e-10
16 2 7.84799983e+02
18 2 1.17584625e-09
43 2 5.62604329e-05
44 2 4.75103533e+03
45 2 6.91220546e-05
46 2 2.55801373e+03
47 2 -6.65497300e-05
48 2 2.34348476e+03
1 3 5.78583333e+03
2 3 -6.91220546e-05
3 3 1.76166667e+03
4 3 -7.26332931e-05
5 3 -1.60138333e+02
6 3 -3.71876653e-05
10 3 6.04447196e+01
11 3 -1.16124975e-10
16 3 -6.04447170e+01
17 3 -1.17584625e-09
43 3 -5.78583333e+03
44 3 6.91220546e-05
45 3 -1.76166667e+03
46 3 8.38039255e-05
47 3 2.65969500e+03
48 3 8.98586709e-05
1 4 3.45610273e-05
2 4 -3.07930667e+03
3 4 -7.26325481e-05
4 4 1.82739336e+03
5 4 2.68113207e-07
6 4 -1.50246823e+03
10 4 -6.76806864e+01
11 4 -6.38687365e-11
12 4 -1.49336718e-11
16 4 -6.76806835e+01
17 4 6.46715440e-10
18 4 -1.51213828e-10
43 4 -3.45610273e-05
44 4 3.07930667e+03
45 4 7.26332931e-05
46 4 -1.07582083e+03
47 4 -4.86943113e-05
48 4 3.84690385e+03
1 5 -2.19861667e+02
2 5 2.62663807e-06
3 5 -1.60138333e+02
4 5 2.67148577e-07
5 5 1.68238198e+02
6 5 3.22197203e-06
11 5 -1.00925282e+02
12 5 -7.77319094e+00
17 5 -1.00925278e+02
18 5 7.77319060e+00
43 5 2.19861667e+02
44 5 -2.62663807e-06
45 5 1.60138333e+02
46 5 -1.05065523e-06
47 5 -1.44124500e+02
48 5 -3.41462950e-06
1 6 8.50885040e-05
2 6 1.27680417e+03
3 6 -3.71876653e-05
4 6 -1.50246823e+03
5 6 3.22194656e-06
6 6 -7.27845255e+02
11 6 4.31640009e+02
12 6 3.32445958e+01
17 6 -4.31639991e+02
18 6 3.32445943e+01
43 6 -8.50892491e-05
44 6 -1.27680417e+03
45 6 3.71876653e-05
46 6 1.24511133e+03
47 6 -3.34688988e-05
48 6 -3.00179417e+02
7 7 1.51111799e+02
11 7 -1.18773874e+01
12 7 6.80003096e+01
43 7 -1.51111799e+02
47 7 2.26667699e+01
48 7 1.51111799e+01
10 8 2.07649009e-09
12 8 1.12367134e-10
9 9 1.51111799e+02
10 9 -6.80003096e+01
11 9 1.51111799e+01
45 9 -1.51111799e+02
46 9 -1.51111799e+01
47 9 1.00036011e+02
8 10 -2.07649009e-09
9 10 -7.55558995e+00
10 10 3.22510285e+00
11 10 -9.30471622e-01
12 10 9.98030867e-01
45 10 7.55558995e+00
46 10 7.55558995e-01
47 10 -5.00180055e+00
7 11 -1.18773874e+01
9 11 1.51111799e+01
10 11 -9.30471621e-01
11 11 8.31423998e+00
12 11 -3.88358394e+01
43 11 1.18773874e+01
45 11 -1.51111799e+01
46 11 -1.51111799e+00
47 11 8.22199299e+00
48 11 -1.18773874e+00
7 12 7.55558995e+00
8 12 -1.12367134e-10
10 12 9.98030867e-01
11 12 4.04161494e-01
12 12 -2.29463123e+00
43 12 -7.55558995e+00
47 12 1.13333849e+00
48 12 7.55558995e-01
13 13 1.51111792e+02
17 13 -1.18773869e+01
18 13 -6.80003066e+01
43 13 -1.51111792e+02
47 13 2.26667689e+01
48 13 -1.51111792e+01
16 14 -1.47178980e-09
18 14 -7.71296410e-10
15 15 1.51111792e+02
16 15 6.80003066e+01
17 15 1.51111792e+01
45 15 -1.51111792e+02
46 15 1.51111792e+01
47 15 1.00036007e+02
14 16 1.47178980e-09
15 16 7.55558962e+00
16 16 3.22510271e+00
17 16 9.30471581e-01
18 16 9.98030823e-01
45 16 -7.55558962e+00
46 16 7.55558962e-01
47 16 5.00180033e+00
13 17 -1.18773869e+01
15 17 1.51111792e+01
16 17 9.30471580e-01
17 17 8.31423961e+00
18 17 3.88358377e+01
43 17 1.18773869e+01
45 17 -1.51111792e+01
46 17 1.51111792e+00
47 17 8.22199263e+00
48 17 1.18773869e+00
13 18 -7.55558962e+00
14 18 7.71296410e-10
16 18 9.98030822e-01
17 18 -4.04161480e-01
18 18 -2.29463113e+00
43 18 7.55558962e+00
47 18 -1.13333844e+00
48 18 7.55558962e-01
35 19 -2.45250005e+01
36 19 -4.32743615e+02
41 19 -2.45249995e+01
42 19 4.32743635e+02
48 19 -1.93491989e-05
20 20 5.00000000e+03
22 20 1.43000000e+02
34 20 2.45250005e+01
36 20 6.25235878e-07
40 20 2.45249995e+01
42 20 -6.24870986e-07
44 20 -5.00000000e+03
48 20 3.81000000e+03
34 21 4.32743615e+02
35 21 -6.25235878e-07
40 21 -4.32743635e+02
41 21 6.24870986e-07
46 21 1.93491989e-05
20 22 1.43000000e+02
21 22 1.41106683e-09
22 22 -4.71928187e+02
23 22 6.88546263e-07
24 22 3.53985660e-11
34 22 2.38008988e+02
35 22 -3.43879733e-07
40 22 2.38008999e+02
41 22 -3.43679042e-07
44 22 -1.43000000e+02
48 22 1.08966000e+02
19 23 1.07426956e-10
21 23 3.64892564e-10
22 23 6.87558775e-07
24 23 -5.53480136e-07
48 23 5.53387089e-07
19 24 -1.41106683e-09
20 24 -3.64892564e-10
23 24 -5.53387089e-07
24 24 -4.76017987e+02
35 24 1.34887503e+01
36 24 2.38008988e+02
41 24 -1.34887497e+01
42 24 2.38008999e+02
25 25 2.92136029e+03
26 25 -3.18342574e-05
28 25 -9.10459761e-07
29 25 -8.35509044e+01
35 25 -2.45249991e+01
36 25 8.00618607e+02
41 25 -2.45250009e+01
42 25 -8.00618643e+02
43 25 -2.92136029e+03
44 25 3.18342574e-05
46 25 6.36685149e-06
47 25 5.84272059e+02
48 25 1.18211209e-05
25 26 -3.18342574e-05
26 26 1.05168971e+03
28 26 3.00783256e+01
29 26 9.10459761e-07
34 26 2.45249991e+01
36 26 5.95957500e+02
40 26 2.45250009e+01
42 26 5.95957500e+02
43 26 3.18342574e-05
44 26 -1.05168971e+03
46 26 -2.10337941e+02
47 26 -6.36685149e-06
48 26 -3.90527444e+02
27 27 3.97305000e+03
34 27 -8.00618607e+02
35 27 -5.95957500e+02
40 27 8.00618643e+02
41 27 -5.95957500e+02
45 27 -3.97305000e+03
46 27 -3.60788250e-05
47 27 -1.83554910e+03
25 28 -9.10459761e-07
26 28 3.00783256e+01
27 28 -5.38875611e-10
28 28 8.81540728e+02
29 28 4.80819422e-07
30 28 3.40887690e+01
34 28 -4.40340234e+02
35 28 -3.27776625e+02
40 28 -4.40340254e+02
41 28 3.27776625e+02
43 28 9.10459761e-07
44 28 -3.00783256e+01
46 28 -6.01566512e+00
47 28 -1.82091952e-07
48 28 -1.11690849e+01
25 29 -8.35509044e+01
26 29 9.10459761e-07
27 29 -4.88398655e-10
28 29 4.80290769e-07
29 29 2.38955587e+00
30 29 1.03174398e-06
43 29 8.35509044e+01
44 29 -9.10459761e-07
46 29 -1.82091952e-07
47 29 -1.67101809e+01
48 29 -3.38084057e-07
25 30 5.38875611e-10
26 30 4.88398655e-10
28 30 3.40887690e+01
29 30 1.03185440e-06
30 30 8.80680488e+02
35 30 1.34887495e+01
36 30 -4.40340234e+02
41 30 -1.34887505e+01
42 30 -4.40340254e+02
31 31 -2.23229160e+03
32 31 -1.44645832e+03
33 31 2.89291664e+03
34 31 -3.30660372e+02
35 31 -6.28038116e+02
36 31 -5.69169987e+02
43 31 2.23229160e+03
44 31 1.44645832e+03
45 31 -2.89291664e+03
46 31 -1.15716666e+03
47 31 -1.73574998e+03
48 31 -1.76079163e+03
31 32 -1.44645832e+03
32 32 -2.99256663e+03
33 32 -2.89291664e+03
34 32 6.47606753e+02
35 32 3.65375371e+02
36 32 -8.06682496e+02
43 32 1.44645832e+03
44 32 2.99256663e+03
45 32 2.89291664e+03
46 32 1.15716666e+03
47 32 1.73574998e+03
48 32 -2.26920535e+03
31 33 2.89291664e+03
32 33 -2.89291664e+03
33 33 1.34680833e+03
34 33 -7.14945046e+01
35 33 9.32892529e+01
36 33 -3.47149997e+01
43 33 -2.89291664e+03
44 33 2.89291664e+03
45 33 -1.34680833e+03
46 33 -4.62695829e+02
47 33 -9.13002952e+02
48 33 -5.78583328e+02
31 34 -3.30660372e+02
32 34 -8.81432302e+01
33 34 -4.39369496e+02
34 34 7.60002262e+01
35 34 4.23228101e+01
36 34 -5.63871171e+01
43 34 3.30660372e+02
44 34 8.81432302e+01
45 34 4.39369496e+02
46 34 1.71946423e+02
47 34 2.68867595e+02
48 34 -1.92641229e+02
31 35 1.07711868e+02
32 35 3.65375371e+02
33 35 -5.02668248e+02
34 35 4.23228101e+01
35 35 8.91228836e+01
36 35 7.53475903e+01
43 35 -1.07711868e+02
44 35 -3.65375371e+02
45 35 5.02668248e+02
46 35 2.01067299e+02
47 35 3.01600949e+02
48 35 2.62309970e+02
31 36 -2.01294996e+02
32 36 -2.10724995e+02
33 36 -3.47149997e+01
34 36 3.20863285e+00
35 36 -8.74863274e+00
36 36 -6.43316985e+01
43 36 2.01294996e+02
44 36 2.10724995e+02
45 36 3.47149997e+01
46 36 1.38859999e+01
47 36 2.08289998e+01
48 36 -2.06952995e+02
37 37 -2.23229174e+03
38 37 1.44645835e+03
39 37 2.89291669e+03
40 37 3.30660378e+02
41 37 -6.28038134e+02
42 37 5.69170013e+02
43 37 2.23229174e+03
44 37 -1.44645835e+03
45 37 -2.89291669e+03
46 37 1.15716668e+03
47 37 -1.73575002e+03
48 37 1.76079170e+03
37 38 1.44645835e+03
38 38 -2.99256671e+03
39 38 2.89291669e+03
40 38 6.47606767e+02
41 38 -3.65375379e+02
42 38 -8.06682504e+02
43 38 -1.44645835e+03
44 38 2.99256671e+03
45 38 -2.89291669e+03
46 38 1.15716668e+03
47 38 -1.73575002e+03
48 38 -2.26920542e+03
37 39 2.89291669e+03
38 39 2.89291669e+03
39 39 1.34680834e+03
40 39 7.14944954e+01
41 39 9.32892471e+01
42 39 3.47150003e+01
43 39 -2.89291669e+03
44 39 -2.89291669e+03
45 39 -1.34680834e+03
46 39 4.62695838e+02
47 39 -9.13002948e+02
48 39 5.78583339e+02
37 40 3.30660378e+02
38 40 -8.81432498e+01
39 40 4.39369504e+02
40 40 7.60002284e+01
41 40 -4.23228113e+01
42 40 -5.63871219e+01
43 40 -3.30660378e+02
44 40 8.81432498e+01
45 40 -4.39369504e+02
46 40 1.71946427e+02
47 40 -2.68867600e+02
48 40 -1.92641242e+02
37 41 1.07711882e+02
38 41 -3.65375379e+02
39 41 -5.02668252e+02
40 41 -4.23228113e+01
41 41 8.91228852e+01
42 41 -7.53475937e+01
43 41 -1.07711882e+02
44 41 3.65375379e+02
45 41 5.02668252e+02
46 41 -2.01067301e+02
47 41 3.01600951e+02
48 41 -2.62309980e+02
37 42 2.01295004e+02
38 42 -2.10725005e+02
39 42 3.47150003e+01
40 42 3.20862815e+00
41 42 8.74863326e+00
42 42 -6.43317015e+01
43 42 -2.01295004e+02
44 42 2.10725005e+02
45 42 -3.47150003e+01
46 42 1.38860001e+01
47 42 -2.08290002e+01
48 42 -2.06953005e+02
1 43 6.63063133e+03
2 43 5.62604329e-05
3 43 -5.78583333e+03
4 43 -3.45610273e-05
5 43 2.19861667e+02
6 43 -8.50892491e-05
7 43 -1.51111799e+02
11 43 1.18773874e+01
12 43 -7.55558995e+00
13 43 -1.51111792e+02
17 43 1.18773869e+01
18 43 7.55558962e+00
25 43 -2.92136029e+03
26 43 3.18342574e-05
28 43 9.10459761e-07
29 43 8.35509044e+01
31 43 2.23229160e+03
32 43 1.44645832e+03
33 43 -2.89291664e+03
34 43 3.30660372e+02
35 43 -1.07711868e+02
36 43 2.01294996e+02
37 43 2.23229174e+03
38 43 -1.44645835e+03
39 43 -2.89291669e+03
40 43 -3.30660378e+02
41 43 -1.07711882e+02
42 43 -2.01295004e+02
43 43 -7.87163078e+03
44 43 -6.02106117e-05
45 43 1.15716667e+04
46 43 -5.36517359e-06
47 43 -1.93214600e+03
48 43 -2.60686120e-05
1 44 5.62604329e-05
2 44 4.75103533e+03
3 44 6.91220546e-05
4 44 3.07930667e+03
5 44 -2.62663807e-06
6 44 -1.27680417e+03
20 44 -5.00000000e+03
22 44 -1.43000000e+02
25 44 3.18342574e-05
26 44 -1.05168971e+03
28 44 -3.00783256e+01
29 44 -9.10459761e-07
31 44 1.44645832e+03
32 44 2.99256663e+03
33 44 2.89291664e+03
34 44 8.81432302e+01
35 44 -3.65375371e+02
36 44 2.10724995e+02
37 44 -1.44645835e+03
38 44 2.99256671e+03
39 44 -2.89291669e+03
40 44 8.81432498e+01
41 44 3.65375379e+02
42 44 2.10725005e+02
43 44 -6.02106117e-05
44 44 -4.68447896e+03
45 44 -1.33538974e-05
46 44 -4.66200913e+03
47 44 1.06377476e-04
48 44 -1.22454655e+03
1 45 -5.78583333e+03
2 45 6.91220546e-05
3 45 -1.76166667e+03
4 45 7.26332931e-05
5 45 1.60138333e+02
6 45 3.71876653e-05
9 45 -1.51111799e+02
10 45 7.55558995e+00
11 45 -1.51111799e+01
15 45 -1.51111792e+02
16 45 -7.55558962e+00
17 45 -1.51111792e+01
27 45 -3.97305000e+03
31 45 -2.89291664e+03
32 45 2.89291664e+03
33 45 -1.34680833e+03
34 45 4.39369496e+02
35 45 5.02668248e+02
36 45 3.47149997e+01
37 45 -2.89291669e+03
38 45 -2.89291669e+03
39 45 -1.34680834e+03
40 45 -4.39369504e+02
41 45 5.02668252e+02
42 45 -3.47150003e+01
43 45 1.15716667e+04
44 45 -1.33538974e-05
45 45 8.73055692e+03
46 45 -7.54510105e-05
47 45 8.01787982e+02
48 45 -1.01012302e-04
1 46 -2.33089407e-05
2 46 2.55801373e+03
3 46 8.38039255e-05
4 46 -1.07582083e+03
5 46 -1.05065523e-06
6 46 1.24511133e+03
9 46 -1.51111799e+01
10 46 7.55558995e-01
11 46 -1.51111799e+00
15 46 1.51111792e+01
16 46 7.55558962e-01
17 46 1.51111792e+00
21 46 1.93491989e-05
25 46 6.36685149e-06
26 46 -2.10337941e+02
27 46 -3.60788250e-05
28 46 -6.01566512e+00
29 46 -1.82091952e-07
31 46 -1.15716666e+03
32 46 1.15716666e+03
33 46 -4.62695829e+02
34 46 1.71946423e+02
35 46 2.01067299e+02
36 46 1.38859999e+01
37 46 1.15716668e+03
38 46 1.15716668e+03
39 46 4.62695838e+02
40 46 1.71946427e+02
41 46 -2.01067301e+02
42 46 1.38860001e+01
43 46 -5.36517359e-06
44 46 -4.66200913e+03
45 46 -7.54515422e-05
46 46 6.21226021e+02
47 46 7.00230204e-05
48 46 -2.89172864e+03
1 47 4.77404040e+03
2 47 -6.65497300e-05
3 47 2.65969500e+03
4 47 -4.86943113e-05
5 47 -1.44124500e+02
6 47 -3.34688988e-05
7 47 2.26667699e+01
9 47 1.00036011e+02
10 47 -5.00180055e+00
11 47 8.22199299e+00
12 47 1.13333849e+00
13 47 2.26667689e+01
15 47 1.00036007e+02
16 47 5.00180033e+00
17 47 8.22199263e+00
18 47 -1.13333844e+00
25 47 5.84272059e+02
26 47 -6.36685149e-06
27 47 -1.83554910e+03
28 47 -1.82091952e-07
29 47 -1.67101809e+01
31 47 -1.73574998e+03
32 47 1.73574998e+03
33 47 -9.13002952e+02
34 47 2.68867595e+02
35 47 3.01600949e+02
36 47 2.08289998e+01
37 47 -1.73575002e+03
38 47 -1.73575002e+03
39 47 -9.13002948e+02
40 47 -2.68867600e+02
41 47 3.01600951e+02
42 47 -2.08290002e+01
43 47 -1.93214600e+03
44 47 1.06377476e-04
45 47 8.01787982e+02
46 47 7.00198888e-05
47 47 5.32076020e+03
48 47 7.31298014e-05
1 48 -3.95650208e-05
2 48 2.34348476e+03
3 48 8.98586709e-05
4 48 3.84690385e+03
5 48 -3.41462950e-06
6 48 -3.00179417e+02
7 48 1.51111799e+01
11 48 -1.18773874e+00
12 48 7.55558995e-01
13 48 -1.51111792e+01
17 48 1.18773869e+00
18 48 7.55558962e-01
19 48 -1.93491989e-05
20 48 3.81000000e+03
22 48 1.08966000e+02
23 48 5.53387089e-07
25 48 1.18211209e-05
26 48 -3.90527444e+02
28 48 -1.11690849e+01
29 48 -3.38084057e-07
31 48 -1.76079163e+03
32 48 -2.26920535e+03
33 48 -5.78583328e+02
34 48 -1.92641229e+02
35 48 2.62309970e+02
36 48 -2.06952995e+02
37 48 1.76079170e+03
38 48 -2.26920542e+03
39 48 5.78583339e+02
40 48 -1.92641242e+02
41 48 -2.62309980e+02
42 48 -2.06953005e+02
43 48 -2.60680803e-05
44 48 -1.22454655e+03
45 48 -1.01012302e-04
46 48 -2.89172864e+03
47 48 7.31334032e-05
48 48 -3.84604054e+03
11 49 7.84800017e+02
12 49 -1.27909217e-09
10 50 -7.84800017e+02
12 50 -2.28492109e-10
10 51 1.27909217e-09
11 51 2.28492109e-10
51 51 1.00000000e+05
50 52 1.01242534e-08
51 52 -1.65660561e-11
52 52 -2.01830944e+02
49 53 -1.01242534e-08
51 53 -1.95754877e-09
52 53 -3.51547126e-10
54 53 1.27940426e-09
49 54 1.65660561e-11
50 54 1.95754877e-09
52 54 3.95262354e-10
53 54 2.88613469e-10
17 55 7.84799983e+02
18 55 1.20790060e-09
16 56 -7.84799983e+02
18 56 -4.04549844e-10
16 57 -1.20790060e-09
17 57 4.04549844e-10
57 57 1.00000000e+05
56 58 -1.79828845e-08
57 58 1.20790060e-09
58 58 -2.01830936e+02
55 59 1.79828845e-08
57 59 6.43628473e-10
58 59 -2.08010092e-11
60 59 2.09977933e-10
55 60 -1.20790060e-09
56 60 -6.43628473e-10
58 60 -2.39613563e-10
35 61 7.84799983e+02
36 61 -4.68960017e-10
34 62 -7.84799983e+02
36 62 2.06424828e-09
34 63 4.68960017e-10
35 63 -2.06424828e-09
63 63 1.00000000e+05
62 64 6.57676935e-09
63 64 -4.68960017e-10
64 64 -2.01830936e+02
61 65 -6.57676935e-09
63 65 -1.64141258e-10
64 65 9.64004861e-10
66 65 5.79826003e-11
61 66 4.68960017e-10
62 66 1.64141258e-10
64 66 5.09409848e-10
41 67 7.84800017e+02
42 67 1.37444749e-09
40 68 -7.84800017e+02
42 68 1.19491716e-09
40 69 -1.37444749e-09
41 69 -1.19491716e-09
69 69 1.00000000e+05
68 70 -5.05995246e-08
69 70 -9.35016588e-10
70 70 -2.01830944e+02
67 71 5.05995246e-08
69 71 6.37658107e-10
70 71 7.56940457e-10
72 71 -4.96782111e-10
67 72 9.35016588e-10
68 72 -6.37658107e-10
70 72 1.27389419e-10
71 72 -5.27943489e-10
