1 1 2.160963226755e+02
3 1 1.571885663302e+03
5 1 3.036169528163e+02
31 1 -2.160963226755e+02
33 1 -1.571885663302e+03
35 1 -7.715580029025e+01
1 3 1.571885663302e+03
3 3 1.143390367732e+04
5 3 2.208511136879e+03
31 3 -1.571885663302e+03
33 3 -1.143390367732e+04
35 3 -5.612316526967e+02
1 5 3.036169528163e+02
3 5 2.208511136879e+03
5 5 4.265840940565e+02
31 5 -3.036169528163e+02
33 5 -2.208511136879e+03
35 5 -1.084044776246e+02
13 13 3.316233367822e+02
15 13 -7.731171730046e+02
17 13 1.390001440639e+01
49 13 -3.316233367822e+02
51 13 7.731171730046e+02
13 15 -7.731171730046e+02
15 15 1.802376663218e+03
17 15 -3.240525816689e+01
49 15 7.731171730046e+02
51 15 -1.802376663218e+03
16 16 1.802376663218e+01
18 16 7.731171730046e+00
52 16 -1.802376663218e+01
54 16 -7.731171730046e+00
13 17 1.390001440639e+01
15 17 -3.240525816689e+01
17 17 5.826200362516e-01
49 17 -1.390001440639e+01
51 17 3.240525816689e+01
16 18 7.731171730046e+00
18 18 3.316233367822e+00
52 18 -7.731171730046e+00
54 18 -3.316233367822e+00
1 31 -2.160963226755e+02
3 31 -1.571885663302e+03
5 31 -3.036169528163e+02
31 31 2.160963226755e+02
33 31 1.571885663302e+03
35 31 7.715580029025e+01
1 33 -1.571885663302e+03
3 33 -1.143390367732e+04
5 33 -2.208511136879e+03
31 33 1.571885663302e+03
33 33 1.143390367732e+04
35 33 5.612316526967e+02
1 35 -7.715580029025e+01
3 35 -5.612316526967e+02
5 35 -1.084044776246e+02
31 35 7.715580029025e+01
33 35 5.612316526967e+02
35 35 2.754798158860e+01
37 37 6.000000000000e+03
41 37 -1.692000000000e+03
38 38 4.000000000000e+03
40 38 1.128000000000e+03
38 40 1.128000000000e+03
40 40 3.180960000000e+02
37 41 -1.692000000000e+03
41 41 4.771440000000e+02
43 43 6.000000000000e+03
47 43 -1.782000000000e+03
44 44 4.000000000000e+03
46 44 1.188000000000e+03
44 46 1.188000000000e+03
46 46 3.528360000000e+02
43 47 -1.782000000000e+03
47 47 5.292540000000e+02
13 49 -3.316233367822e+02
15 49 7.731171730046e+02
17 49 -1.390001440639e+01
49 49 3.316233367822e+02
51 49 -7.731171730046e+02
13 51 7.731171730046e+02
15 51 -1.802376663218e+03
17 51 3.240525816689e+01
49 51 -7.731171730046e+02
51 51 1.802376663218e+03
16 52 -1.802376663218e+01
18 52 -7.731171730046e+00
52 52 1.802376663218e+01
54 52 7.731171730046e+00
16 54 -7.731171730046e+00
18 54 -3.316233367822e+00
52 54 7.731171730046e+00
54 54 3.316233367822e+00
