function track()

global params;

% x y z 
params.course=[
    0.0000    0.0000    0.0000
    4.9990   -0.0060   -0.0194
    9.9990   -0.0141   -0.0393
   14.9990   -0.0243   -0.0588
   19.9990   -0.0356   -0.0783
   24.9989   -0.0491   -0.0973
   29.9989   -0.0643   -0.1349
   34.9989   -0.0812   -0.1876
   39.9989   -0.0999   -0.2454
   44.9988   -0.1209   -0.3016
   49.9988   -0.1450   -0.3560
   54.9987   -0.1715   -0.4200
   59.9986   -0.2011   -0.4994
   64.9985   -0.2351   -0.5885
   69.9983   -0.2733   -0.6785
   74.9982   -0.3172   -0.7671
   79.9979   -0.3683   -0.8570
   84.9975   -0.4298   -0.9572
   89.9969   -0.5079   -1.0761
   94.9957   -0.6185   -1.1944
   99.9940   -0.7556   -1.3112
  104.9937   -0.8404   -1.4277
  109.9932   -0.8363   -1.5541
  114.9928   -0.7268   -1.6926
  119.9883   -0.5180   -1.8359
  124.9796   -0.2123   -1.9790
  129.9629    0.1940   -2.1210
  134.9375    0.7043   -2.2651
  139.8992    1.3202   -2.4199
  144.8473    2.0438   -2.5849
  149.7773    2.8765   -2.7502
  154.6879    3.8202   -2.9129
  159.5753    4.8759   -3.0763
  164.4366    6.0452   -3.2469
  169.2695    7.3292   -3.4272
  174.0697    8.7284   -3.6085
  178.8347   10.2436   -3.7876
  183.5612   11.8757   -3.9669
  188.2452   13.6250   -4.1526
  192.8838   15.4915   -4.3435
  197.4741   17.4744   -4.5352
  202.0129   19.5722   -4.7274
  206.4966   21.7848   -4.9183
  210.9233   24.1096   -5.1131
  215.2904   26.5443   -5.3120
  219.5964   29.0857   -5.5109
  223.8413   31.7278   -5.7101
  228.0294   34.4593   -5.9091
  232.1516   37.2893   -6.1094
  236.1830   40.2467   -6.3106
  240.1142   43.3368   -6.5121
  243.9472   46.5480   -6.7139
  247.6804   49.8741   -6.9155
  251.3106   53.3124   -7.1159
  254.8336   56.8611   -7.3149
  258.2431   60.5187   -7.5136
  261.5327   64.2840   -7.7131
  264.6939   68.1581   -7.9112
  267.7151   72.1430   -8.1049
  270.5823   76.2394   -8.2958
  273.2786   80.4500   -8.4862
  275.7837   84.7776   -8.6773
  278.0734   89.2237   -8.8661
  280.1154   93.7882   -9.0449
  281.8721   98.4694   -9.2203
  283.2994  103.2612   -9.3980
  284.3444  108.1512   -9.5737
  284.9471  113.1163   -9.7407
  285.0452  118.1171   -9.8969
  284.5803  123.0967  -10.0526
  283.5075  127.9808  -10.2098
  281.8342  132.6949  -10.3584
  279.4898  137.1136  -10.4924
  276.3172  140.9714  -10.6184
  272.3056  143.9653  -10.7478
  267.7265  145.9959  -10.8758
  262.8600  147.1609  -10.9757
  257.8840  147.6429  -11.0664
  252.8838  147.6130  -11.1622
  247.8983  147.2006  -11.2520
  242.9467  146.5000  -11.3149
  238.0323  145.5799  -11.3637
  233.1512  144.4920  -11.4113
  228.3010  143.2769  -11.4573
  223.4761  141.9652  -11.4768
  218.6704  140.5843  -11.4667
  213.8777  139.1594  -11.4634
  209.0913  137.7135  -11.4507
  204.3043  136.2696  -11.3970
  199.5088  134.8541  -11.3259
  194.6956  133.4999  -11.2541
  189.8541  132.2489  -11.1782
  184.9734  131.1617  -11.0885
  180.0427  130.3331  -10.9912
  175.0584  129.9412  -10.8946
  170.0734  130.3193  -10.8023
  165.4994  132.2650  -10.7308
  161.8862  135.7116  -10.6582
  158.7210  139.6044  -10.5879
  155.7901  143.6749  -10.5246
  152.9068  147.7605  -10.4718
  150.1196  151.9143  -10.4262
  147.5668  156.2144  -10.3833
  145.3335  160.6920  -10.3464
  143.4993  165.3498  -10.3199
  142.2396  170.1864  -10.2928
  141.7809  175.1655  -10.2704
  142.3524  180.1350  -10.2656
  144.0302  184.8465  -10.2598
  146.6279  189.1203  -10.2550
  149.8379  192.9554  -10.2621
  153.3994  196.4657  -10.2757
  157.1313  199.7932  -10.2894
  160.9065  203.0718  -10.3099
  164.6186  206.4223  -10.3399
  168.1592  209.9536  -10.3707
  171.4029  213.7586  -10.4052
  174.2038  217.8995  -10.4495
  176.4110  222.3871  -10.4958
  177.9119  227.1644  -10.5418
  178.6770  232.1092  -10.5991
  178.7106  237.1038  -10.6593
  178.2145  242.0868  -10.7189
  177.5196  247.0375  -10.7842
  176.7632  251.9809  -10.8546
  176.0360  256.9277  -10.9280
  175.3712  261.8834  -11.0031
  174.7336  266.8427  -11.0800
  174.0912  271.8013  -11.1589
  173.4330  276.7578  -11.2395
  172.7481  281.7108  -11.3217
  172.0089  286.6558  -11.4049
  171.1810  291.5875  -11.4889
  170.2235  296.4946  -11.5736
  169.0854  301.3652  -11.6574
  167.7059  306.1717  -11.7378
  166.0203  310.8784  -11.8238
  163.9672  315.4426  -11.9056
  161.5093  319.7978  -11.9307
  158.6422  323.8927  -11.9217
  155.3905  327.6982  -11.9146
  151.8172  331.1970  -11.9117
  147.9843  334.4073  -11.9128
  143.9446  337.3613  -11.9176
  139.7552  340.0882  -11.9259
  135.4442  342.6274  -11.9374
  131.0469  345.0053  -11.9520
  126.5774  347.2511  -11.9694
  122.0553  349.3838  -11.9894
  117.4895  351.4233  -12.0117
  112.8886  353.3829  -12.0361
  108.2609  355.2751  -12.0624
  103.6092  357.1101  -12.0903
   98.9384  358.8954  -12.1196
   94.2522  360.6383  -12.1501
   89.5523  362.3451  -12.1815
   84.8411  364.0206  -12.2136
   80.1210  365.6697  -12.2462
   75.3927  367.2957  -12.2790
   70.6567  368.8993  -12.3119
   65.9134  370.4811  -12.3445
   61.1632  372.0417  -12.3766
   56.4076  373.5857  -12.4081
   51.6491  375.1212  -12.4386
   46.8906  376.6563  -12.4679
   42.1347  378.1994  -12.4959
   37.3839  379.7587  -12.5222
   32.6413  381.3425  -12.5467
   27.9099  382.9589  -12.5691
   23.1910  384.6118  -12.5892
   18.4827  386.2953  -12.6067
   13.7829  388.0019  -12.6214
    9.0895  389.7257  -12.6330
    4.4013  391.4640  -12.6414
   -0.2821  393.2149  -12.6464
   -4.9615  394.9766  -12.6477
   -9.6377  396.7467  -12.6467
  -14.3116  398.5228  -12.6453
  -18.9842  400.3023  -12.6453
  -23.6563  402.0831  -12.6486
  -28.3286  403.8634  -12.6574
  -33.0019  405.6413  -12.6712
  -37.6767  407.4151  -12.6935
  -42.3539  409.1826  -12.7210
  -47.0342  410.9418  -12.7489
  -51.7184  412.6905  -12.7773
  -56.4073  414.4268  -12.7997
  -61.1017  416.1482  -12.8163
  -65.8021  417.8528  -12.8278
  -70.5096  419.5381  -12.8346
  -75.2249  421.2017  -12.8374
  -79.9486  422.8408  -12.8367
  -84.6816  424.4527  -12.8330
  -89.4252  426.0343  -12.8269
  -94.1799  427.5817  -12.8189
  -98.9465  429.0909  -12.8095
 -103.7268  430.5580  -12.7993
 -108.5215  431.9777  -12.7889
 -113.3306  433.3448  -12.7788
 -118.1569  434.6536  -12.7695
 -123.0010  435.8961  -12.7616
 -127.8621  437.0640  -12.7385
 -132.7443  438.1484  -12.7178
 -137.6470  439.1367  -12.7001
 -142.5681  440.0157  -12.6860
 -147.5139  440.7693  -12.6750
 -152.4776  441.3751  -12.6662
 -157.4596  441.8100  -12.6580
 -162.4591  442.0403  -12.6489
 -167.4569  442.0279  -12.6371
 -172.4575  441.7211  -12.6238
 -177.4089  441.0577  -12.6287
 -182.3035  439.9544  -12.6359
 -187.0246  438.3267  -12.6400
 -191.5152  436.0725  -12.6402
 -195.5738  433.1547  -12.6405
 -199.0648  429.5598  -12.6417
 -201.8377  425.3883  -12.6428
 -203.9991  420.8720  -12.6438
 -205.7228  416.1710  -12.6450
 -207.1530  411.3793  -12.6462
 -208.3042  406.5129  -12.6474
 -209.1058  401.5742  -12.6486
 -209.5299  396.5924  -12.6499
 -209.5465  391.5925  -12.6512
 -209.1197  386.6081  -12.6525
 -208.2234  381.6866  -12.6539
 -206.8357  376.8826  -12.6554
 -204.9437  372.2545  -12.6566
 -202.5463  367.8669  -12.6586
 -199.6566  363.7864  -12.6584
 -196.3030  360.0774  -12.6646
 -192.5254  356.8010  -12.6538
 -188.3760  354.0099  -12.5911
 -183.9168  351.7458  -12.6037
 -179.2162  350.0375  -12.6117
 -174.3452  348.9038  -12.6201
 -169.3755  348.3469  -12.6292
 -164.3751  348.3585  -12.6382
 -159.4062  348.9160  -12.6476
 -154.5262  350.0020  -12.6571
 -149.7684  351.5416  -12.6763
 -145.1310  353.4217  -12.6956
 -140.6243  355.5864  -12.7150
 -136.2652  358.0364  -12.7347
 -132.0880  360.7891  -12.7551
 -128.1212  363.8333  -12.7755
 -124.3821  367.1524  -12.7960
 -120.8750  370.7164  -12.8167
 -117.5849  374.4817  -12.8377
 -114.4738  378.3961  -12.8594
 -111.4727  382.3954  -12.8709
 -108.4708  386.3943  -12.8826
 -105.3083  390.2674  -12.8952
 -101.7621  393.7908  -12.9080
  -97.6130  396.5647  -12.9210
