3.020491558620e+00 -1.730281928493e+00 -1.059123463411e+00 4.123454652693e+00 -1.086072186382e+00 1.458024127761e+00 0.000000000000e+00 
-1.730281928493e+00 2.476961462427e+00 9.157113335548e-01 -3.523310531733e+00 9.414404406786e-01 -1.313467600717e+00 0.000000000000e+00 
-1.059123463411e+00 9.157113335548e-01 1.539348627615e+00 -2.175796610155e+00 5.486570487570e-01 -6.464059059607e-01 0.000000000000e+00 
4.123454652693e+00 -3.523310531733e+00 -2.175796610155e+00 9.402270265499e+00 -2.235150778976e+00 3.082156471666e+00 0.000000000000e+00 
-1.086072186382e+00 9.414404406786e-01 5.486570487570e-01 -2.235150778976e+00 1.556858993031e+00 -6.299865529281e-01 0.000000000000e+00 
1.458024127761e+00 -1.313467600717e+00 -6.464059059607e-01 3.082156471666e+00 -6.299865529281e-01 1.174612200029e+00 0.000000000000e+00 
0.000000000000e+00 0.000000000000e+00 0.000000000000e+00 0.000000000000e+00 0.000000000000e+00 0.000000000000e+00 0.000000000000e+00 
