1 1 6.66666667e+01
3 1 1.33333333e+02
5 1 -5.06666667e+00
43 1 -6.66666667e+01
45 1 -1.33333333e+02
47 1 1.20000000e+02
2 2 6.66666667e+01
4 2 -6.66666667e+01
6 2 3.58666667e+01
44 2 -6.66666667e+01
46 2 5.33333333e+01
48 2 -8.66666667e+01
1 3 1.33333333e+02
3 3 2.66666667e+02
5 3 -1.01333333e+01
43 3 -1.33333333e+02
45 3 -2.66666667e+02
47 3 2.40000000e+02
2 4 -6.66666667e+01
4 4 6.66666667e+01
6 4 -3.58666667e+01
44 4 6.66666667e+01
46 4 -5.33333333e+01
48 4 8.66666667e+01
1 5 -5.06666667e+00
3 5 -1.01333333e+01
5 5 3.85066667e-01
43 5 5.06666667e+00
45 5 1.01333333e+01
47 5 -9.12000000e+00
2 6 3.58666667e+01
4 6 -3.58666667e+01
6 6 1.92962667e+01
44 6 -3.58666667e+01
46 6 2.86933333e+01
48 6 -4.66266667e+01
31 31 3.33333333e+01
32 31 -3.33333333e+01
33 31 6.66666667e+01
34 31 -7.62000000e+00
35 31 -8.42000000e+00
36 31 -4.00000000e-01
43 31 -3.33333333e+01
44 31 3.33333333e+01
45 31 -6.66666667e+01
46 31 -2.66666667e+01
47 31 -4.00000000e+01
48 31 -6.66666667e+00
31 32 -3.33333333e+01
32 32 3.33333333e+01
33 32 -6.66666667e+01
34 32 7.62000000e+00
35 32 8.42000000e+00
36 32 4.00000000e-01
43 32 3.33333333e+01
44 32 -3.33333333e+01
45 32 6.66666667e+01
46 32 2.66666667e+01
47 32 4.00000000e+01
48 32 6.66666667e+00
31 33 6.66666667e+01
32 33 -6.66666667e+01
33 33 1.33333333e+02
34 33 -1.52400000e+01
35 33 -1.68400000e+01
36 33 -8.00000000e-01
43 33 -6.66666667e+01
44 33 6.66666667e+01
45 33 -1.33333333e+02
46 33 -5.33333333e+01
47 33 -8.00000000e+01
48 33 -1.33333333e+01
31 34 -7.62000000e+00
32 34 7.62000000e+00
33 34 -1.52400000e+01
34 34 1.74193200e+00
35 34 1.92481200e+00
36 34 9.14400000e-02
43 34 7.62000000e+00
44 34 -7.62000000e+00
45 34 1.52400000e+01
46 34 6.09600000e+00
47 34 9.14400000e+00
48 34 1.52400000e+00
31 35 -8.42000000e+00
32 35 8.42000000e+00
33 35 -1.68400000e+01
34 35 1.92481200e+00
35 35 2.12689200e+00
36 35 1.01040000e-01
43 35 8.42000000e+00
44 35 -8.42000000e+00
45 35 1.68400000e+01
46 35 6.73600000e+00
47 35 1.01040000e+01
48 35 1.68400000e+00
31 36 -4.00000000e-01
32 36 4.00000000e-01
33 36 -8.00000000e-01
34 36 9.14400000e-02
35 36 1.01040000e-01
36 36 4.80000000e-03
43 36 4.00000000e-01
44 36 -4.00000000e-01
45 36 8.00000000e-01
46 36 3.20000000e-01
47 36 4.80000000e-01
48 36 8.00000000e-02
37 37 3.33333333e+01
38 37 3.33333333e+01
39 37 6.66666667e+01
40 37 7.62000000e+00
41 37 -8.42000000e+00
42 37 4.00000000e-01
43 37 -3.33333333e+01
44 37 -3.33333333e+01
45 37 -6.66666667e+01
46 37 2.66666667e+01
47 37 -4.00000000e+01
48 37 6.66666667e+00
37 38 3.33333333e+01
38 38 3.33333333e+01
39 38 6.66666667e+01
40 38 7.62000000e+00
41 38 -8.42000000e+00
42 38 4.00000000e-01
43 38 -3.33333333e+01
44 38 -3.33333333e+01
45 38 -6.66666667e+01
46 38 2.66666667e+01
47 38 -4.00000000e+01
48 38 6.66666667e+00
37 39 6.66666667e+01
38 39 6.66666667e+01
39 39 1.33333333e+02
40 39 1.52400000e+01
41 39 -1.68400000e+01
42 39 8.00000000e-01
43 39 -6.66666667e+01
44 39 -6.66666667e+01
45 39 -1.33333333e+02
46 39 5.33333333e+01
47 39 -8.00000000e+01
48 39 1.33333333e+01
37 40 7.62000000e+00
38 40 7.62000000e+00
39 40 1.52400000e+01
40 40 1.74193200e+00
41 40 -1.92481200e+00
42 40 9.14400000e-02
43 40 -7.62000000e+00
44 40 -7.62000000e+00
45 40 -1.52400000e+01
46 40 6.09600000e+00
47 40 -9.14400000e+00
48 40 1.52400000e+00
37 41 -8.42000000e+00
38 41 -8.42000000e+00
39 41 -1.68400000e+01
40 41 -1.92481200e+00
41 41 2.12689200e+00
42 41 -1.01040000e-01
43 41 8.42000000e+00
44 41 8.42000000e+00
45 41 1.68400000e+01
46 41 -6.73600000e+00
47 41 1.01040000e+01
48 41 -1.68400000e+00
37 42 4.00000000e-01
38 42 4.00000000e-01
39 42 8.00000000e-01
40 42 9.14400000e-02
41 42 -1.01040000e-01
42 42 4.80000000e-03
43 42 -4.00000000e-01
44 42 -4.00000000e-01
45 42 -8.00000000e-01
46 42 3.20000000e-01
47 42 -4.80000000e-01
48 42 8.00000000e-02
1 43 -6.66666667e+01
3 43 -1.33333333e+02
5 43 5.06666667e+00
31 43 -3.33333333e+01
32 43 3.33333333e+01
33 43 -6.66666667e+01
34 43 7.62000000e+00
35 43 8.42000000e+00
36 43 4.00000000e-01
37 43 -3.33333333e+01
38 43 -3.33333333e+01
39 43 -6.66666667e+01
40 43 -7.62000000e+00
41 43 8.42000000e+00
42 43 -4.00000000e-01
43 43 1.33333333e+02
45 43 2.66666667e+02
47 43 -4.00000000e+01
2 44 -6.66666667e+01
4 44 6.66666667e+01
6 44 -3.58666667e+01
31 44 3.33333333e+01
32 44 -3.33333333e+01
33 44 6.66666667e+01
34 44 -7.62000000e+00
35 44 -8.42000000e+00
36 44 -4.00000000e-01
37 44 -3.33333333e+01
38 44 -3.33333333e+01
39 44 -6.66666667e+01
40 44 -7.62000000e+00
41 44 8.42000000e+00
42 44 -4.00000000e-01
44 44 1.33333333e+02
46 44 -1.06666667e+02
48 44 7.33333333e+01
1 45 -1.33333333e+02
3 45 -2.66666667e+02
5 45 1.01333333e+01
31 45 -6.66666667e+01
32 45 6.66666667e+01
33 45 -1.33333333e+02
34 45 1.52400000e+01
35 45 1.68400000e+01
36 45 8.00000000e-01
37 45 -6.66666667e+01
38 45 -6.66666667e+01
39 45 -1.33333333e+02
40 45 -1.52400000e+01
41 45 1.68400000e+01
42 45 -8.00000000e-01
43 45 2.66666667e+02
45 45 5.33333333e+02
47 45 -8.00000000e+01
2 46 5.33333333e+01
4 46 -5.33333333e+01
6 46 2.86933333e+01
31 46 -2.66666667e+01
32 46 2.66666667e+01
33 46 -5.33333333e+01
34 46 6.09600000e+00
35 46 6.73600000e+00
36 46 3.20000000e-01
37 46 2.66666667e+01
38 46 2.66666667e+01
39 46 5.33333333e+01
40 46 6.09600000e+00
41 46 -6.73600000e+00
42 46 3.20000000e-01
44 46 -1.06666667e+02
46 46 8.53333333e+01
48 46 -5.86666667e+01
1 47 1.20000000e+02
3 47 2.40000000e+02
5 47 -9.12000000e+00
31 47 -4.00000000e+01
32 47 4.00000000e+01
33 47 -8.00000000e+01
34 47 9.14400000e+00
35 47 1.01040000e+01
36 47 4.80000000e-01
37 47 -4.00000000e+01
38 47 -4.00000000e+01
39 47 -8.00000000e+01
40 47 -9.14400000e+00
41 47 1.01040000e+01
42 47 -4.80000000e-01
43 47 -4.00000000e+01
45 47 -8.00000000e+01
47 47 3.12000000e+02
2 48 -8.66666667e+01
4 48 8.66666667e+01
6 48 -4.66266667e+01
31 48 -6.66666667e+00
32 48 6.66666667e+00
33 48 -1.33333333e+01
34 48 1.52400000e+00
35 48 1.68400000e+00
36 48 8.00000000e-02
37 48 6.66666667e+00
38 48 6.66666667e+00
39 48 1.33333333e+01
40 48 1.52400000e+00
41 48 -1.68400000e+00
42 48 8.00000000e-02
44 48 7.33333333e+01
46 48 -5.86666667e+01
48 48 1.15333333e+02
