1 1 -6.63063133e+03
2 1 5.24767074e-08
3 1 5.78583333e+03
4 1 -2.98327905e-08
5 1 -2.19861667e+02
6 1 -7.34485184e-08
11 1 -7.84800000e+02
12 1 -6.04447183e+01
17 1 -7.84800000e+02
18 1 6.04447183e+01
43 1 6.63063133e+03
44 1 -5.24767074e-08
45 1 -5.78583333e+03
46 1 1.93375627e-08
47 1 4.77404040e+03
48 1 3.44314230e-08
1 2 5.24767074e-08
2 2 -4.75103533e+03
3 2 5.96655809e-08
4 2 -3.07930667e+03
5 2 -2.26729924e-09
6 2 1.27680417e+03
10 2 7.84800000e+02
12 2 -1.39709602e-09
16 2 7.84800000e+02
18 2 1.91404581e-10
43 2 -5.24767074e-08
44 2 4.75103533e+03
45 2 -5.96655809e-08
46 2 2.55801373e+03
47 2 5.82278403e-08
48 2 2.34348476e+03
1 3 5.78583333e+03
2 3 5.96655809e-08
3 3 1.76166667e+03
4 3 6.45234479e-08
5 3 -1.60138333e+02
6 3 3.21001608e-08
10 3 6.04447183e+01
11 3 1.39709602e-09
16 3 -6.04447183e+01
17 3 -1.91404581e-10
43 3 -5.78583333e+03
44 3 -5.96655809e-08
45 3 -1.76166667e+03
46 3 -7.74267903e-08
47 3 2.65969500e+03
48 3 -7.75653461e-08
1 4 -2.98327905e-08
2 4 -3.07930667e+03
3 4 6.30890469e-08
4 4 1.82739336e+03
5 4 -2.96385139e-10
6 4 -1.50246823e+03
10 4 -6.76806849e+01
11 4 7.68402812e-10
12 4 1.79666548e-10
16 4 -6.76806849e+01
17 4 1.05272519e-10
18 4 -2.46146291e-11
43 4 2.98327905e-08
44 4 3.07930667e+03
45 4 -6.45234479e-08
46 4 -1.07582083e+03
47 4 4.28766072e-08
48 4 3.84690385e+03
1 5 -2.19861667e+02
2 5 -2.26729924e-09
3 5 -1.60138333e+02
4 5 -5.63156910e-10
5 5 1.68238198e+02
6 5 -1.85950211e-09
11 5 -1.00925280e+02
12 5 -7.77319077e+00
17 5 -1.00925280e+02
18 5 7.77319077e+00
43 5 2.19861667e+02
44 5 2.26729924e-09
45 5 1.60138333e+02
46 5 9.06918984e-10
47 5 -1.44124500e+02
48 5 2.94748759e-09
1 6 -7.20141173e-08
2 6 1.27680417e+03
3 6 3.21001608e-08
4 6 -1.50246823e+03
5 6 -1.80684268e-09
6 6 -7.27845255e+02
11 6 4.31640000e+02
12 6 3.32445951e+01
17 6 -4.31640000e+02
18 6 3.32445951e+01
43 6 7.34485184e-08
44 6 -1.27680417e+03
45 6 -3.21001608e-08
46 6 1.24511133e+03
47 6 2.88900992e-08
48 6 -3.00179417e+02
7 7 1.51111796e+02
11 7 -1.18773871e+01
12 7 6.80003081e+01
43 7 -1.51111796e+02
47 7 2.26667694e+01
48 7 1.51111796e+01
10 8 -2.03272066e-10
12 8 1.57164269e-10
9 9 1.51111796e+02
10 9 -6.80003081e+01
11 9 1.51111796e+01
45 9 -1.51111796e+02
46 9 -1.51111796e+01
47 9 1.00036009e+02
8 10 2.03272066e-10
9 10 -7.55558979e+00
10 10 3.22510278e+00
11 10 -9.30471601e-01
12 10 9.98030845e-01
45 10 7.55558979e+00
46 10 7.55558979e-01
47 10 -5.00180044e+00
7 11 -1.18773871e+01
9 11 1.51111796e+01
10 11 -9.30471601e-01
11 11 8.31423979e+00
12 11 -3.88358385e+01
43 11 1.18773871e+01
45 11 -1.51111796e+01
46 11 -1.51111796e+00
47 11 8.22199281e+00
48 11 -1.18773871e+00
7 12 7.55558979e+00
8 12 -1.57164269e-10
10 12 9.98030844e-01
11 12 4.04161487e-01
12 12 -2.29463118e+00
43 12 -7.55558979e+00
47 12 1.13333847e+00
48 12 7.55558979e-01
13 13 1.51111796e+02
17 13 -1.18773871e+01
18 13 -6.80003081e+01
43 13 -1.51111796e+02
47 13 2.26667694e+01
48 13 -1.51111796e+01
16 14 -1.51203494e-11
18 14 -8.09471504e-11
15 15 1.51111796e+02
16 15 6.80003081e+01
17 15 1.51111796e+01
45 15 -1.51111796e+02
46 15 1.51111796e+01
47 15 1.00036009e+02
14 16 1.51203494e-11
15 16 7.55558979e+00
16 16 3.22510278e+00
17 16 9.30471601e-01
18 16 9.98030845e-01
45 16 -7.55558979e+00
46 16 7.55558979e-01
47 16 5.00180044e+00
13 17 -1.18773871e+01
15 17 1.51111796e+01
16 17 9.30471601e-01
17 17 8.31423979e+00
18 17 3.88358385e+01
43 17 1.18773871e+01
45 17 -1.51111796e+01
46 17 1.51111796e+00
47 17 8.22199281e+00
48 17 1.18773871e+00
13 18 -7.55558979e+00
14 18 8.09471504e-11
16 18 9.98030845e-01
17 18 -4.04161488e-01
18 18 -2.29463118e+00
43 18 7.55558979e+00
47 18 -1.13333847e+00
48 18 7.55558979e-01
35 19 -2.45250000e+01
36 19 -4.32743625e+02
41 19 -2.45250000e+01
42 19 4.32743625e+02
34 20 2.45250000e+01
36 20 -1.33753005e-09
40 20 2.45250000e+01
42 20 1.47808171e-09
34 21 4.32743625e+02
35 21 1.33753005e-09
40 21 -4.32743625e+02
41 21 -1.47808171e-09
20 22 2.80898860e-10
21 22 -2.50111043e-11
22 22 -4.76017987e+02
23 22 -1.41014533e-09
24 22 3.97363045e-11
34 22 2.38008994e+02
35 22 7.35641527e-10
40 22 2.38008994e+02
41 22 8.12944938e-10
19 23 -2.80898860e-10
21 23 1.40551657e-10
22 23 -1.54858646e-09
24 23 -2.60609312e-11
19 24 2.50111043e-11
20 24 -1.40551657e-10
24 24 -4.76017987e+02
35 24 1.34887500e+01
36 24 2.38008994e+02
41 24 -1.34887500e+01
42 24 2.38008994e+02
25 25 2.92136029e+03
26 25 2.67808673e-08
28 25 7.65933095e-10
29 25 -8.35509044e+01
35 25 -2.45250000e+01
36 25 8.00618625e+02
41 25 -2.45250000e+01
42 25 -8.00618625e+02
43 25 -2.92136029e+03
44 25 -2.67808673e-08
46 25 -5.35618483e-09
47 25 5.84272059e+02
48 25 -9.94464244e-09
25 26 2.67808673e-08
26 26 1.05168971e+03
28 26 3.00783256e+01
29 26 -7.65933095e-10
34 26 2.45250000e+01
36 26 5.95957500e+02
40 26 2.45250000e+01
42 26 5.95957500e+02
43 26 -2.67808673e-08
44 26 -1.05168971e+03
46 26 -2.10337941e+02
47 26 5.35618483e-09
48 26 -3.90527444e+02
27 27 3.97305000e+03
34 27 -8.00618625e+02
35 27 -5.95957500e+02
40 27 8.00618625e+02
41 27 -5.95957500e+02
45 27 -3.97305000e+03
46 27 3.03516572e-08
47 27 -1.83554910e+03
25 28 7.65933095e-10
26 28 3.00783256e+01
27 28 -6.05950845e-11
28 28 8.81540728e+02
29 28 9.13157439e-10
30 28 3.40887690e+01
34 28 -4.40340244e+02
35 28 -3.27776625e+02
40 28 -4.40340244e+02
41 28 3.27776625e+02
43 28 -7.65933095e-10
44 28 -3.00783256e+01
46 28 -6.01566512e+00
47 28 1.53185908e-10
48 28 -1.11690849e+01
25 29 -8.35509044e+01
26 29 -7.65933095e-10
27 29 -2.02362571e-11
28 29 9.12884324e-10
29 29 2.38955587e+00
30 29 -7.48825002e-10
43 29 8.35509044e+01
44 29 7.65933095e-10
46 29 1.53185908e-10
47 29 -1.67101809e+01
48 29 2.84416046e-10
25 30 6.05950845e-11
26 30 2.02362571e-11
28 30 3.40887690e+01
29 30 -8.68052297e-10
30 30 8.80680487e+02
35 30 1.34887500e+01
36 30 -4.40340244e+02
41 30 -1.34887500e+01
42 30 -4.40340244e+02
31 31 -2.23229167e+03
32 31 -1.44645833e+03
33 31 2.89291667e+03
34 31 -3.30660375e+02
35 31 -6.28038125e+02
36 31 -5.69170000e+02
43 31 2.23229167e+03
44 31 1.44645833e+03
45 31 -2.89291667e+03
46 31 -1.15716667e+03
47 31 -1.73575000e+03
48 31 -1.76079167e+03
31 32 -1.44645833e+03
32 32 -2.99256667e+03
33 32 -2.89291667e+03
34 32 6.47606760e+02
35 32 3.65375375e+02
36 32 -8.06682500e+02
43 32 1.44645833e+03
44 32 2.99256667e+03
45 32 2.89291667e+03
46 32 1.15716667e+03
47 32 1.73575000e+03
48 32 -2.26920538e+03
31 33 2.89291667e+03
32 33 -2.89291667e+03
33 33 1.34680833e+03
34 33 -7.14945000e+01
35 33 9.32892500e+01
36 33 -3.47150000e+01
43 33 -2.89291667e+03
44 33 2.89291667e+03
45 33 -1.34680833e+03
46 33 -4.62695833e+02
47 33 -9.13002950e+02
48 33 -5.78583333e+02
31 34 -3.30660375e+02
32 34 -8.81432400e+01
33 34 -4.39369500e+02
34 34 7.60002273e+01
35 34 4.23228107e+01
36 34 -5.63871195e+01
43 34 3.30660375e+02
44 34 8.81432400e+01
45 34 4.39369500e+02
46 34 1.71946425e+02
47 34 2.68867598e+02
48 34 -1.92641236e+02
31 35 1.07711875e+02
32 35 3.65375375e+02
33 35 -5.02668250e+02
34 35 4.23228107e+01
35 35 8.91228844e+01
36 35 7.53475920e+01
43 35 -1.07711875e+02
44 35 -3.65375375e+02
45 35 5.02668250e+02
46 35 2.01067300e+02
47 35 3.01600950e+02
48 35 2.62309975e+02
31 36 -2.01295000e+02
32 36 -2.10725000e+02
33 36 -3.47150000e+01
34 36 3.20863050e+00
35 36 -8.74863300e+00
36 36 -6.43317000e+01
43 36 2.01295000e+02
44 36 2.10725000e+02
45 36 3.47150000e+01
46 36 1.38860000e+01
47 36 2.08290000e+01
48 36 -2.06953000e+02
37 37 -2.23229167e+03
38 37 1.44645833e+03
39 37 2.89291667e+03
40 37 3.30660375e+02
41 37 -6.28038125e+02
42 37 5.69170000e+02
43 37 2.23229167e+03
44 37 -1.44645833e+03
45 37 -2.89291667e+03
46 37 1.15716667e+03
47 37 -1.73575000e+03
48 37 1.76079167e+03
37 38 1.44645833e+03
38 38 -2.99256667e+03
39 38 2.89291667e+03
40 38 6.47606760e+02
41 38 -3.65375375e+02
42 38 -8.06682500e+02
43 38 -1.44645833e+03
44 38 2.99256667e+03
45 38 -2.89291667e+03
46 38 1.15716667e+03
47 38 -1.73575000e+03
48 38 -2.26920538e+03
37 39 2.89291667e+03
38 39 2.89291667e+03
39 39 1.34680833e+03
40 39 7.14945000e+01
41 39 9.32892500e+01
42 39 3.47150000e+01
43 39 -2.89291667e+03
44 39 -2.89291667e+03
45 39 -1.34680833e+03
46 39 4.62695833e+02
47 39 -9.13002950e+02
48 39 5.78583333e+02
37 40 3.30660375e+02
38 40 -8.81432400e+01
39 40 4.39369500e+02
40 40 7.60002273e+01
41 40 -4.23228107e+01
42 40 -5.63871195e+01
43 40 -3.30660375e+02
44 40 8.81432400e+01
45 40 -4.39369500e+02
46 40 1.71946425e+02
47 40 -2.68867597e+02
48 40 -1.92641236e+02
37 41 1.07711875e+02
38 41 -3.65375375e+02
39 41 -5.02668250e+02
40 41 -4.23228107e+01
41 41 8.91228844e+01
42 41 -7.53475920e+01
43 41 -1.07711875e+02
44 41 3.65375375e+02
45 41 5.02668250e+02
46 41 -2.01067300e+02
47 41 3.01600950e+02
48 41 -2.62309975e+02
37 42 2.01295000e+02
38 42 -2.10725000e+02
39 42 3.47150000e+01
40 42 3.20863050e+00
41 42 8.74863300e+00
42 42 -6.43317000e+01
43 42 -2.01295000e+02
44 42 2.10725000e+02
45 42 -3.47150000e+01
46 42 1.38860000e+01
47 42 -2.08290000e+01
48 42 -2.06953000e+02
1 43 6.63063133e+03
2 43 -5.24767074e-08
3 43 -5.78583333e+03
4 43 2.98327905e-08
5 43 2.19861667e+02
6 43 7.34485184e-08
7 43 -1.51111796e+02
11 43 1.18773871e+01
12 43 -7.55558979e+00
13 43 -1.51111796e+02
17 43 1.18773871e+01
18 43 7.55558979e+00
25 43 -2.92136029e+03
26 43 -2.67808673e-08
28 43 -7.65933095e-10
29 43 8.35509044e+01
31 43 2.23229167e+03
32 43 1.44645833e+03
33 43 -2.89291667e+03
34 43 3.30660375e+02
35 43 -1.07711875e+02
36 43 2.01295000e+02
37 43 2.23229167e+03
38 43 -1.44645833e+03
39 43 -2.89291667e+03
40 43 -3.30660375e+02
41 43 -1.07711875e+02
42 43 -2.01295000e+02
43 43 -7.87163078e+03
44 43 5.50789226e-08
45 43 1.15716667e+04
46 43 5.21583843e-09
47 43 -1.93214600e+03
48 43 2.79708599e-08
1 44 -5.24767074e-08
2 44 4.75103533e+03
3 44 -5.96655809e-08
4 44 3.07930667e+03
5 44 2.26729924e-09
6 44 -1.27680417e+03
25 44 -2.67808673e-08
26 44 -1.05168971e+03
28 44 -3.00783256e+01
29 44 7.65933095e-10
31 44 1.44645833e+03
32 44 2.99256667e+03
33 44 2.89291667e+03
34 44 8.81432400e+01
35 44 -3.65375375e+02
36 44 2.10725000e+02
37 44 -1.44645833e+03
38 44 2.99256667e+03
39 44 -2.89291667e+03
40 44 8.81432400e+01
41 44 3.65375375e+02
42 44 2.10725000e+02
43 44 5.50789226e-08
44 44 -9.68447896e+03
45 44 1.16724550e-08
46 44 -4.66200913e+03
47 44 -9.23798780e-08
48 44 2.58545345e+03
1 45 -5.78583333e+03
2 45 -5.96655809e-08
3 45 -1.76166667e+03
4 45 -6.45234479e-08
5 45 1.60138333e+02
6 45 -3.21001608e-08
9 45 -1.51111796e+02
10 45 7.55558979e+00
11 45 -1.51111796e+01
15 45 -1.51111796e+02
16 45 -7.55558979e+00
17 45 -1.51111796e+01
27 45 -3.97305000e+03
31 45 -2.89291667e+03
32 45 2.89291667e+03
33 45 -1.34680833e+03
34 45 4.39369500e+02
35 45 5.02668250e+02
36 45 3.47150000e+01
37 45 -2.89291667e+03
38 45 -2.89291667e+03
39 45 -1.34680833e+03
40 45 -4.39369500e+02
41 45 5.02668250e+02
42 45 -3.47150000e+01
43 45 1.15716667e+04
44 45 1.16724550e-08
45 45 8.73055692e+03
46 45 6.35812604e-08
47 45 8.01787982e+02
48 45 8.71639827e-08
1 46 1.93375627e-08
2 46 2.55801373e+03
3 46 -7.74267903e-08
4 46 -1.07582083e+03
5 46 9.06918984e-10
6 46 1.24511133e+03
9 46 -1.51111796e+01
10 46 7.55558979e-01
11 46 -1.51111796e+00
15 46 1.51111796e+01
16 46 7.55558979e-01
17 46 1.51111796e+00
25 46 -5.35618483e-09
26 46 -2.10337941e+02
27 46 3.03516572e-08
28 46 -6.01566512e+00
29 46 1.53185908e-10
31 46 -1.15716667e+03
32 46 1.15716667e+03
33 46 -4.62695833e+02
34 46 1.71946425e+02
35 46 2.01067300e+02
36 46 1.38860000e+01
37 46 1.15716667e+03
38 46 1.15716667e+03
39 46 4.62695833e+02
40 46 1.71946425e+02
41 46 -2.01067300e+02
42 46 1.38860000e+01
43 46 5.21583843e-09
44 46 -4.66200913e+03
45 46 6.42168992e-08
46 46 6.21226021e+02
47 46 -7.39522584e-08
48 46 -2.89172864e+03
1 47 4.77404040e+03
2 47 5.82278403e-08
3 47 2.65969500e+03
4 47 4.28766072e-08
5 47 -1.44124500e+02
6 47 2.88900992e-08
7 47 2.26667694e+01
9 47 1.00036009e+02
10 47 -5.00180044e+00
11 47 8.22199281e+00
12 47 1.13333847e+00
13 47 2.26667694e+01
15 47 1.00036009e+02
16 47 5.00180044e+00
17 47 8.22199281e+00
18 47 -1.13333847e+00
25 47 5.84272059e+02
26 47 5.35618483e-09
27 47 -1.83554910e+03
28 47 1.53185908e-10
29 47 -1.67101809e+01
31 47 -1.73575000e+03
32 47 1.73575000e+03
33 47 -9.13002950e+02
34 47 2.68867598e+02
35 47 3.01600950e+02
36 47 2.08290000e+01
37 47 -1.73575000e+03
38 47 -1.73575000e+03
39 47 -9.13002950e+02
40 47 -2.68867597e+02
41 47 3.01600950e+02
42 47 -2.08290000e+01
43 47 -1.93214600e+03
44 47 -9.23798780e-08
45 47 8.01787982e+02
46 47 -7.16844413e-08
47 47 5.32076020e+03
48 47 -6.27692316e-08
1 48 3.44314230e-08
2 48 2.34348476e+03
3 48 -7.75653461e-08
4 48 3.84690385e+03
5 48 2.94748759e-09
6 48 -3.00179417e+02
7 48 1.51111796e+01
11 48 -1.18773871e+00
12 48 7.55558979e-01
13 48 -1.51111796e+01
17 48 1.18773871e+00
18 48 7.55558979e-01
25 48 -9.94464244e-09
26 48 -3.90527444e+02
28 48 -1.11690849e+01
29 48 2.84416046e-10
31 48 -1.76079167e+03
32 48 -2.26920538e+03
33 48 -5.78583333e+02
34 48 -1.92641236e+02
35 48 2.62309975e+02
36 48 -2.06953000e+02
37 48 1.76079167e+03
38 48 -2.26920538e+03
39 48 5.78583333e+02
40 48 -1.92641236e+02
41 48 -2.62309975e+02
42 48 -2.06953000e+02
43 48 2.73352211e-08
44 48 2.58545345e+03
45 48 8.71639827e-08
46 48 -2.89172864e+03
47 48 -6.26950509e-08
48 48 -6.74926054e+03
11 49 7.84800000e+02
12 49 -2.10807414e-09
10 50 -7.84800000e+02
12 50 1.23993175e-09
10 51 2.10807414e-09
11 51 -1.23993175e-09
51 51 1.00000000e+05
50 52 -1.78876292e-09
51 52 -1.23215845e-10
52 52 -2.01830940e+02
49 53 1.78876292e-09
51 53 -8.58764264e-11
52 53 1.13013180e-10
54 53 6.43952053e-10
49 54 1.23215845e-10
50 54 8.58764264e-11
52 54 3.03079750e-10
53 54 4.53738606e-10
17 55 7.84800000e+02
18 55 1.70610533e-10
16 56 -7.84800000e+02
18 56 -1.10457430e-10
16 57 -1.70610533e-10
17 57 1.10457430e-10
57 57 1.00000000e+05
56 58 -6.49332748e-08
57 58 1.70610533e-10
58 58 -2.01830940e+02
55 59 6.49332748e-08
57 59 -1.20477527e-10
58 59 1.19998438e-10
60 59 1.15262678e-10
55 60 -1.70610533e-10
56 60 1.20477527e-10
58 60 2.29059413e-12
35 61 7.84800000e+02
36 61 8.25138572e-10
34 62 -7.84800000e+02
36 62 -1.56173730e-09
34 63 -8.25138572e-10
35 63 1.56173730e-09
63 63 1.00000000e+05
62 64 -1.81172766e-09
63 64 8.25138572e-10
64 64 -2.01830940e+02
61 65 1.81172766e-09
63 65 -3.40776480e-11
64 65 1.27610072e-10
66 65 -6.13128302e-11
61 66 -8.25138572e-10
62 66 3.40776480e-11
64 66 -3.49222997e-10
41 67 7.84800000e+02
42 67 1.37321729e-09
40 68 -7.84800000e+02
42 68 -8.00915810e-10
40 69 -1.37321729e-09
41 69 8.00915810e-10
69 69 1.00000000e+05
68 70 -2.91203293e-08
69 70 -3.09112494e-10
70 70 -2.01830940e+02
67 71 2.91203293e-08
69 71 1.03541489e-10
70 71 1.13558289e-10
72 71 -2.34695549e-10
67 72 3.09112494e-10
68 72 -1.03541489e-10
70 72 -2.06758939e-10
71 72 -3.84580588e-10
