1 1 2.16096323e+02
3 1 1.57188566e+03
5 1 3.03616953e+02
31 1 -2.16096323e+02
33 1 -1.57188566e+03
35 1 -7.71558003e+01
1 3 1.57188566e+03
3 3 1.14339037e+04
5 3 2.20851114e+03
31 3 -1.57188566e+03
33 3 -1.14339037e+04
35 3 -5.61231653e+02
1 5 3.03616953e+02
3 5 2.20851114e+03
5 5 4.26584094e+02
31 5 -3.03616953e+02
33 5 -2.20851114e+03
35 5 -1.08404478e+02
13 13 3.31623337e+02
15 13 -7.73117173e+02
17 13 1.39000144e+01
49 13 -3.31623337e+02
51 13 7.73117173e+02
13 15 -7.73117173e+02
15 15 1.80237666e+03
17 15 -3.24052582e+01
49 15 7.73117173e+02
51 15 -1.80237666e+03
16 16 1.80237666e+01
18 16 7.73117173e+00
52 16 -1.80237666e+01
54 16 -7.73117173e+00
13 17 1.39000144e+01
15 17 -3.24052582e+01
17 17 5.82620036e-01
49 17 -1.39000144e+01
51 17 3.24052582e+01
16 18 7.73117173e+00
18 18 3.31623337e+00
52 18 -7.73117173e+00
54 18 -3.31623337e+00
1 31 -2.16096323e+02
3 31 -1.57188566e+03
5 31 -3.03616953e+02
31 31 2.16096323e+02
33 31 1.57188566e+03
35 31 7.71558003e+01
1 33 -1.57188566e+03
3 33 -1.14339037e+04
5 33 -2.20851114e+03
31 33 1.57188566e+03
33 33 1.14339037e+04
35 33 5.61231653e+02
1 35 -7.71558003e+01
3 35 -5.61231653e+02
5 35 -1.08404478e+02
31 35 7.71558003e+01
33 35 5.61231653e+02
35 35 2.75479816e+01
37 37 2.00000000e+03
41 37 -5.64000000e+02
38 38 1.33333333e+03
40 38 3.76000000e+02
38 40 3.76000000e+02
40 40 1.06032000e+02
37 41 -5.64000000e+02
41 41 1.59048000e+02
43 43 2.00000000e+03
47 43 -5.94000000e+02
44 44 1.33333333e+03
46 44 3.96000000e+02
44 46 3.96000000e+02
46 46 1.17612000e+02
43 47 -5.94000000e+02
47 47 1.76418000e+02
13 49 -3.31623337e+02
15 49 7.73117173e+02
17 49 -1.39000144e+01
49 49 3.31623337e+02
51 49 -7.73117173e+02
13 51 7.73117173e+02
15 51 -1.80237666e+03
17 51 3.24052582e+01
49 51 -7.73117173e+02
51 51 1.80237666e+03
16 52 -1.80237666e+01
18 52 -7.73117173e+00
52 52 1.80237666e+01
54 52 7.73117173e+00
16 54 -7.73117173e+00
18 54 -3.31623337e+00
52 54 7.73117173e+00
54 54 3.31623337e+00
