aaa=[-0.087966  4.000124  0
  0.085967  -4.000168  0
  5.004724  3.993985  -0.019353
  4.993269  -4.006007  -0.019353
  10.006147  3.985845  -0.039341
  9.991832  -4.014143  -0.039341
  15.007567  3.975725  -0.058807
  14.990393  -4.024257  -0.058807
  20.008974  3.964369  -0.078263
  19.98896  -4.035606  -0.078263
  25.010441  3.950877  -0.097335
  24.987455  -4.04909  -0.097335
  30.011784  3.935632  -0.134874
  29.986067  -4.064326  -0.134874
  35.013241  3.918795  -0.187623
  34.98455  -4.081153  -0.187623
  40.014908  3.900112  -0.245437
  39.982819  -4.099824  -0.245437
  45.016895  3.879025  -0.30156
  44.98074  -4.120894  -0.30156
  50.019016  3.854955  -0.355958
  49.978504  -4.144943  -0.355958
  55.021397  3.828407  -0.420047
  54.975983  -4.171464  -0.420047
  60.024101  3.798822  -0.499352
  59.973103  -4.201016  -0.499352
  65.027458  3.764801  -0.588467
  64.969513  -4.23499  -0.588467
  70.031479  3.726526  -0.678474
  69.965202  -4.2732  -0.678474
  75.036499  3.682589  -0.767062
  74.959801  -4.317043  -0.767062
  80.043236  3.631402  -0.856952
  79.952538  -4.368085  -0.856952
  85.053299  3.569832  -0.957225
  84.941719  -4.429398  -0.957225
  90.070496  3.491443  -1.07614
  89.923309  -4.507215  -1.07614
  95.089401  3.380433  -1.194385
  94.901901  -4.617463  -1.194385
  100.053871  3.243984  -1.311152
  99.934067  -4.755124  -1.311152
  105.005432  3.15992  -1.427729
  104.981918  -4.840734  -1.427729
  109.944382  3.163664  -1.554113
  110.042114  -4.836286  -1.554113
  114.866798  3.271295  -1.692593
  115.118889  -4.724964  -1.692593
  119.783867  3.477151  -1.835905
  120.192673  -4.513064  -1.835905
  124.694717  3.777657  -1.978998
  125.264519  -4.202236  -1.978998
  129.596313  4.177444  -2.120977
  130.329453  -3.7895  -2.120977
  134.487228  4.679033  -2.265131
  135.387741  -3.270429  -2.265131
  139.363876  5.284462  -2.419884
  140.434479  -2.643974  -2.419884
  144.225342  5.995421  -2.584868
  145.469162  -1.907875  -2.584868
  149.067307  6.813045  -2.750155
  150.487228  -1.060055  -2.750155
  153.889053  7.740192  -2.912935
  155.48674  -0.099849  -2.912935
  158.685959  8.775822  -3.076319
  160.464615  0.97605  -3.076319
  163.456345  9.923605  -3.246925
  165.416946  2.166757  -3.246925
  168.19722  11.183009  -3.427163
  170.341797  3.475426  -3.427163
  172.9048  12.555031  -3.616862
  175.234512  4.90171  -3.600199
  177.576874  14.041232  -3.804255
  180.09256  6.445971  -3.770925
  182.209763  15.640638  -3.991936
  184.912689  8.110764  -3.94194
  186.80014  17.354883  -4.185899
  189.690216  9.895141  -4.119236
  191.345413  19.18416  -4.385124
  194.422119  11.798927  -4.301794
  195.843109  21.127235  -4.585244
  199.105057  13.821584  -4.485247
  200.290085  23.182261  -4.79236
  203.735641  15.962058  -4.662366
  204.683289  25.350143  -4.998333
  208.309967  18.219418  -4.838339
  209.021057  27.628332  -5.208105
  212.825516  20.590836  -5.018111
  213.301712  30.014977  -5.422042
  217.27916  23.073708  -5.202048
  217.524994  32.50761  -5.63591
  221.667877  25.663801  -5.385915
  221.6931  35.102051  -5.850136
  225.989548  28.353634  -5.570142
  225.797775  37.779011  -6.064144
  230.260941  31.139616  -5.75415
  229.826752  40.544373  -6.279432
  234.476379  34.034252  -5.939438
  233.763123  43.431942  -6.495635
  238.602844  37.061371  -6.12564
  237.59314  46.443371  -6.712118
  242.635345  40.230186  -6.312124
  241.331985  49.57486  -6.928868
  246.5625  43.521076  -6.498874
  244.973816  52.819366  -7.145479
  250.386963  46.928875  -6.685485
  248.514786  56.173458  -7.360935
  254.106445  50.451256  -6.870941
  251.950012  59.634205  -7.57487
  257.717255  54.08799  -7.054876
  255.272522  63.197567  -7.788636
  261.213654  57.839783  -7.238642
  258.474976  66.862961  -8.003101
  264.590393  61.705059  -7.423107
  261.548523  70.630547  -8.216199
  267.839233  65.685631  -7.606205
  264.480469  74.497208  -8.424871
  270.949646  69.788857  -7.784877
  267.256683  78.462097  -8.630783
  273.907959  74.016693  -7.960789
  269.860352  82.527809  -8.836239
  276.696808  78.372124  -8.136245
  272.271423  86.694817  -9.042283
  279.295929  82.860306  -8.312289
  274.465759  90.9543  -9.246122
  281.681091  87.493126  -8.486129
  276.412994  95.303177  -9.439856
  283.817719  92.273308  -8.649861
  278.0784  99.737457  -9.63029
  285.665802  97.201347  -8.810296
  279.4216  104.245445  -9.82295
  287.177124  102.277054  -8.972957
  280.395844  108.808357  -10.013701
  288.292969  107.494087  -9.133708
  280.950562  113.397415  -10.195711
  288.943726  112.835106  -9.285717
  281.043152  117.966728  -10.366932
  289.047302  118.267464  -9.426938
  280.625458  122.476738  -10.537628
  288.535187  123.716644  -9.567635
  279.66275  126.871834  -10.709765
  287.352325  129.089676  -9.709771
  278.189117  131.044037  -10.818393
  285.479187  134.34584  -9.898377
  276.190002  134.852737  -10.91242
  282.789612  139.374374  -10.072405
  273.543549  138.075089  -10.998376
  279.090759  143.867645  -10.238359
  270.262634  140.502167  -11.08779
  274.348663  147.428482  -10.407775
  266.436279  142.186508  -11.175855
  269.016724  149.805237  -10.575839
  262.17746  143.215408  -11.235738
  263.54248  151.106308  -10.715722
  257.671387  143.648575  -11.286366
  258.096649  151.637268  -10.846349
  253.036499  143.614426  -11.342211
  252.731155  151.611526  -10.982195
  248.335953  143.221222  -11.39203
  247.460632  151.180023  -11.112014
  243.576508  142.549789  -11.414907
  242.316864  150.450226  -11.21489
  238.819748  141.657806  -11.363763
  237.244766  149.501953  -11.363723
  234.065567  140.597198  -11.411314
  232.23674  148.386887  -11.411314
  229.298782  139.403305  -11.45735
  227.303284  147.150436  -11.45735
  224.543213  138.110016  -11.476842
  222.408936  145.820404  -11.476842
  219.783417  136.742264  -11.466742
  217.557343  144.426331  -11.466742
  215.014923  135.324432  -11.463361
  212.74054  142.99437  -11.463361
  210.240936  133.882263  -11.450689
  207.941696  141.544739  -11.450689
  205.436539  132.433105  -11.397045
  203.172104  140.106033  -11.397045
  200.603531  131.006866  -11.325938
  198.414078  138.701431  -11.325938
  195.731934  129.636017  -11.254113
  193.659348  137.363876  -11.254113
  190.77301  128.355515  -11.178226
  188.935196  136.142365  -11.178226
  185.715485  127.231117  -11.088547
  184.231369  135.092331  -11.088547
  180.508682  126.359917  -10.991195
  179.57663  134.306381  -10.991195
  175.053955  125.937393  -10.894593
  175.062775  133.944946  -10.894593
  169.172562  126.415764  -10.802348
  170.974243  134.222763  -10.802348
  163.225784  128.970184  -10.73084
  167.77298  135.559845  -10.73084
  158.993408  132.92717  -10.658189
  164.778931  138.496063  -10.658189
  155.672073  137.013351  -10.587861
  161.77002  142.195496  -10.587861
  152.5849  141.277176  -10.524626
  158.9953  146.072556  -10.524626
  149.599625  145.510574  -10.471836
  156.214066  150.010483  -10.471836
  146.713989  149.809036  -10.426202
  153.525208  154.019592  -10.426202
  144.036972  154.33287  -10.383276
  151.096725  158.095932  -10.383276
  141.669922  159.063217  -10.346402
  148.997131  162.320847  -10.346402
  139.684738  164.139236  -10.319943
  147.313782  166.560272  -10.319943
  138.295746  169.512741  -10.292813
  146.183487  170.860046  -10.292813
  137.770309  175.200348  -10.270395
  145.791443  175.130585  -10.270395
  138.43454  181.028397  -10.265639
  146.270203  179.241608  -10.265639
  140.40007  186.563049  -10.259816
  147.660385  183.129913  -10.259816
  143.364563  191.449432  -10.255016
  149.891205  186.791107  -10.255016
  146.890091  195.665833  -10.262139
  152.785797  190.244949  -10.262139
  150.659012  199.381256  -10.275743
  156.139786  193.550125  -10.275743
  154.478058  202.786591  -10.289408
  159.784576  196.79985  -10.289408
  158.239151  206.053101  -10.309875
  163.573868  200.090561  -10.309875
