1 1 2.160963226755e+02
3 1 1.571885663302e+03
5 1 3.036169528163e+02
31 1 -2.160963226755e+02
33 1 -1.571885663302e+03
35 1 -7.715580029025e+01
1 3 1.571885663302e+03
3 3 1.143390367732e+04
5 3 2.208511136879e+03
31 3 -1.571885663302e+03
33 3 -1.143390367732e+04
35 3 -5.612316526967e+02
1 5 3.036169528163e+02
3 5 2.208511136879e+03
5 5 4.265840940565e+02
31 5 -3.036169528163e+02
33 5 -2.208511136879e+03
35 5 -1.084044776246e+02
13 13 3.891015772871e+02
15 13 -8.239798107256e+02
17 13 1.281746372240e+01
19 13 -3.891015772871e+02
21 13 8.239798107256e+02
23 13 -2.073682523659e+01
13 15 -8.239798107256e+02
15 15 1.744898422713e+03
17 15 -2.714286435331e+01
19 15 8.239798107256e+02
21 15 -1.744898422713e+03
23 15 4.391327697161e+01
16 16 1.744898422713e+01
18 16 8.239798107256e+00
22 16 -1.744898422713e+01
24 16 -8.239798107256e+00
13 17 1.281746372240e+01
15 17 -2.714286435331e+01
17 17 4.222223343849e-01
19 17 -1.281746372240e+01
21 17 2.714286435331e+01
23 17 -6.830954195584e-01
16 18 8.239798107256e+00
18 18 3.891015772871e+00
22 18 -8.239798107256e+00
24 18 -3.891015772871e+00
13 19 -3.891015772871e+02
15 19 8.239798107256e+02
17 19 -1.281746372240e+01
19 19 3.891015772871e+02
21 19 -8.239798107256e+02
23 19 2.073682523659e+01
13 21 8.239798107256e+02
15 21 -1.744898422713e+03
17 21 2.714286435331e+01
19 21 -8.239798107256e+02
21 21 1.744898422713e+03
23 21 -4.391327697161e+01
16 22 -1.744898422713e+01
18 22 -8.239798107256e+00
22 22 1.744898422713e+01
24 22 8.239798107256e+00
13 23 -2.073682523659e+01
15 23 4.391327697161e+01
17 23 -6.830954195584e-01
19 23 2.073682523659e+01
21 23 -4.391327697161e+01
23 23 1.105150803785e+00
16 24 -8.239798107256e+00
18 24 -3.891015772871e+00
22 24 8.239798107256e+00
24 24 3.891015772871e+00
1 31 -2.160963226755e+02
3 31 -1.571885663302e+03
5 31 -3.036169528163e+02
31 31 2.160963226755e+02
33 31 1.571885663302e+03
35 31 7.715580029025e+01
1 33 -1.571885663302e+03
3 33 -1.143390367732e+04
5 33 -2.208511136879e+03
31 33 1.571885663302e+03
33 33 1.143390367732e+04
35 33 5.612316526967e+02
1 35 -7.715580029025e+01
3 35 -5.612316526967e+02
5 35 -1.084044776246e+02
31 35 7.715580029025e+01
33 35 5.612316526967e+02
35 35 2.754798158860e+01
37 37 6.000000000000e+04
41 37 -1.692000000000e+04
38 38 4.000000000000e+04
40 38 1.128000000000e+04
38 40 1.128000000000e+04
40 40 3.180960000000e+03
37 41 -1.692000000000e+04
41 41 4.771440000000e+03
43 43 6.000000000000e+04
47 43 -1.782000000000e+04
44 44 4.000000000000e+04
46 44 1.188000000000e+04
44 46 1.188000000000e+04
46 46 3.528360000000e+03
43 47 -1.782000000000e+04
47 47 5.292540000000e+03
