function course=track()

% x y s curvature (1/rho)
course=[
0  0  0  0
-5  0  5  0
-10  0  10  0
-15  0  15  0
-20  0  20  0
-25  0  25  0
-30  0  30  0
-35  0  35  0
-40  0  40  0
-45  0  45  0
-50  0  50  0
-55  0  55  0
-60  0  60  0
-65  0  65  0
-70  0  70  0
-75  0  75  0
-80  0  80  0
-85  0  85  0
-90  0  90  0
-95  0  95  0
-100  0  100  0
-105  0  105  0.00056
-110  0.014046  110  0.01137
-114.99  0.31199  115  0.01618
-119.94  1.0124  120  0.01626
-124.82  2.1135  125  0.01656
-129.59  3.6141  130  0.01662
-134.22  5.5061  135  0.01629
-138.69  7.774  140  0.01635
-142.95  10.394  145  0.01651
-146.97  13.349  150  0.01633
-150.74  16.625  155  0.0166
-154.23  20.207  160  0.01592
-157.43  24.063  165  0.0167
-160.29  28.163  170  0.01657
-162.8  32.484  175  0.01635
-164.95  36.998  180  0.01579
-166.74  41.676  185  0.01676
-168.13  46.482  190  0.01644
-169.12  51.384  195  0.0182
-169.66  56.351  200  0.01366
-169.86  61.35  205  0.01798
-169.61  66.347  210  0.01527
-168.98  71.306  215  0.01702
-167.93  76.196  220  0.01616
-166.49  80.981  225  0.01696
-164.65  85.627  230  0.01644
-162.43  90.115  235  0.01574
-159.87  94.404  240  0.01666
-156.96  98.468  245  0.0166
-153.72  102.28  250  0.01617
-150.18  105.82  255  0.01668
-146.36  109.05  260  0.01622
-142.29  111.96  265  0.01654
-138  114.52  270  0.01612
-133.51  116.73  275  0.01611
-128.86  118.57  280  0.01694
-124.07  120.01  285  0.01656
-119.17  121.05  290  0.01691
-114.22  121.67  295  0.01493
-109.22  121.92  300  0.0184
-104.23  121.71  305  0.00999
-99.246  121.25  310  0.00283
-94.273  120.72  315  0.00039
-89.301  120.2  320  0
-84.329  119.68  325  0.00039
-79.356  119.15  330  0.0004
-74.383  118.63  335  0
-69.411  118.11  340  0.00039
-64.438  117.58  345  0.0004
-59.465  117.06  350  0
-54.493  116.54  355  0
-49.52  116.02  360  0.0004
-44.547  115.49  365  0.00039
-39.575  114.97  370  0.0024
-34.602  114.51  375  0.00403
-29.618  114.15  380  0.00322
-24.623  113.87  385  0.006
-19.625  113.74  390  0.0028
-14.624  113.68  395  0.0044
-9.6235  113.73  400  0.0032
-4.6253  113.86  405  0.0056
0.36947  114.13  410  0.00401
5.3557  114.5  415  0.00361
10.336  114.96  420  0.00441
15.324  115.31  425  0.01001
20.319  115.41  430  0.01478
25.321  115.14  435  0.01087
30.287  114.6  440  0.01535
35.202  113.68  445  0.01268
40.05  112.45  450  0.01256
44.806  110.92  455  0.0138
49.459  109.06  460  0.01283
53.973  106.91  465  0.01278
58.334  104.48  470  0.01353
62.537  101.75  475  0.0131
66.542  98.758  480  0.01324
70.34  95.508  485  0.0141
73.9  91.998  490  0.00854
77.307  88.339  495  0.00393
80.642  84.613  500  0.00059
83.988  80.897  505  0
87.333  77.182  510  0
90.679  73.466  515  0
94.025  69.75  520  0.00051
97.361  66.026  525  0.0053
100.8  62.386  530  0.02824
104.7  59.28  535  0.03291
109.07  56.847  540  0.03277
113.77  55.163  545  0.03265
118.69  54.264  550  0.03317
123.68  54.19  555  0.03253
128.61  54.923  560  0.03299
133.37  56.461  565  0.0326
137.81  58.748  570  0.03287
141.82  61.734  575  0.03271
145.29  65.334  580  0.03322
148.11  69.448  585  0.03137
150.26  73.968  590  0.01253
152.12  78.607  595  0.00042
153.99  83.243  600  0.00037
155.87  87.879  605  0.0004
157.74  92.517  610  0.00426
159.71  97.118  615  0.01483
162.01  101.55  620  0.01911
164.72  105.74  625  0.01876
167.82  109.67  630  0.01783
171.26  113.31  635  0.01807
175.01  116.62  640  0.01825
179.04  119.57  645  0.01879
183.33  122.13  650  0.01754
187.84  124.31  655  0.01847
192.52  126.06  660  0.0185
197.34  127.37  665  0.01813
202.27  128.24  670  0.01652
207.26  128.7  675  0.00475
212.24  129.04  680  0.00037
217.23  129.39  685  0
222.22  129.74  690  0
227.21  130.09  695  0.0012
232.2  130.47  700  0.0116
237.19  130.56  705  0.00601
242.19  130.5  710  0.01168
247.16  130.15  715  0.02678
252.08  129.13  720  0.0114
256.9  127.84  725  0.01881
261.61  126.09  730  0.01528
266.14  124  735  0.01684
270.49  121.53  740  0.01597
274.63  118.72  745  0.01659
278.53  115.57  750  0.01607
282.16  112.12  755  0.01669
285.48  108.39  760  0.01634
288.5  104.38  765  0.01714
291.15  100.15  770  0.01484
293.49  95.714  775  0.01838
295.4  91.113  780  0.01502
296.97  86.35  785  0.01549
298.16  81.506  790  0.00921
299.13  76.591  795  0.01008
299.85  71.638  800  0.00882
300.35  66.668  805  0.00486
300.73  61.673  810  0.01197
300.81  56.676  815  0.00839
300.68  51.668  820  0.004
300.45  46.669  825  0.00725
300.04  41.693  830  0.01319
299.3  36.736  835  0.00577
298.42  31.818  840  0.00895
297.32  26.94  845  0.00856
296.01  22.106  850  0.00729
294.53  17.34  855  0.00866
292.84  12.628  860  0.00076
291.17  7.9152  865  0.00498
289.62  3.169  870  0.00815
288.26  -1.6531  875  0.00934
287.13  -6.5198  880  0.00739
286.18  -11.427  885  0.00528
285.36  -16.357  890  0.00205
284.59  -21.298  895  0.00081
283.8  -26.236  900  0.0004
283.02  -31.174  905  1e-05
282.24  -36.113  910  1e-05
281.46  -41.051  915  0.00039
280.67  -45.99  920  0.00039
279.89  -50.928  925  1e-05
279.11  -55.867  930  1e-05
278.33  -60.805  935  1e-05
277.55  -65.744  940  0.0004
276.76  -70.682  945  0.0004
275.98  -75.62  950  1e-05
275.2  -80.559  955  1e-05
274.42  -85.497  960  0.00039
273.63  -90.436  965  0.00039
272.85  -95.374  970  1e-05
272.07  -100.31  975  9e-05
271.29  -105.26  980  0.00012
270.51  -110.19  985  0.0004
269.72  -115.12  990  0.00013
268.93  -120.07  995  0.00098
268.12  -124.99  1000  0.00997
267.06  -129.89  1005  0.00969
265.77  -134.71  1010  0.01244
264.18  -139.45  1015  0.01498
262.22  -144.1  1020  0.0113
260.03  -148.57  1025  0.0133
257.54  -152.9  1030  0.0127
254.79  -157.05  1035  0.01224
251.78  -161.04  1040  0.01315
248.49  -164.85  1045  0.01231
244.99  -168.43  1050  0.0126
241.25  -171.8  1055  0.01241
237.32  -174.92  1060  0.01281
233.23  -177.76  1065  0.01218
228.97  -180.35  1070  0.01406
224.55  -182.63  1075  0.0105
219.96  -184.7  1080  0.014
215.24  -186.44  1085  0.01268
210.44  -187.87  1090  0.01021
205.54  -189.06  1095  0.01895
200.62  -189.77  1100  0.00861
195.66  -190.27  1105  0.01008
190.69  -190.52  1110  0.01008
185.7  -190.52  1115  0
180.69  -190.52  1120  0
175.69  -190.52  1125  0
170.69  -190.52  1130  0
165.69  -190.52  1135  0
160.69  -190.52  1140  0
155.69  -190.52  1145  0
150.69  -190.52  1150  0
145.69  -190.52  1155  0
140.69  -190.52  1160  0
135.69  -190.52  1165  0
130.69  -190.52  1170  0
125.69  -190.52  1175  0
120.69  -190.52  1180  0
115.69  -190.52  1185  0
110.69  -190.52  1190  0
105.69  -190.52  1195  0
100.69  -190.52  1200  0
95.691  -190.52  1205  0
90.693  -190.52  1210  0
85.693  -190.52  1215  0
80.693  -190.52  1220  0
75.693  -190.52  1225  0
70.693  -190.52  1230  0
65.693  -190.52  1235  0
60.693  -190.52  1240  0
55.693  -190.52  1245  0
50.693  -190.52  1250  0
45.693  -190.52  1255  0
40.693  -190.52  1260  0
35.693  -190.52  1265  0
30.693  -190.52  1270  0
25.693  -190.52  1275  0
20.693  -190.52  1280  0
15.693  -190.52  1285  0
10.693  -190.52  1290  0
5.6932  -190.52  1295  0
0.69335  -190.52  1300  0
-4.3066  -190.52  1305  0
-9.3066  -190.52  1310  0
-14.307  -190.52  1315  0
-19.307  -190.52  1320  0
-24.307  -190.52  1325  0
-29.307  -190.52  1330  0
-34.307  -190.52  1335  0
-39.307  -190.52  1340  0
-44.307  -190.52  1345  0
-49.307  -190.52  1350  0
-54.307  -190.52  1355  0
-59.307  -190.52  1360  0
-64.307  -190.52  1365  0
-69.307  -190.52  1370  0
-74.307  -190.52  1375  0
-79.307  -190.52  1380  0
-84.307  -190.52  1385  0
-89.307  -190.52  1390  0
-94.307  -190.52  1395  0
-99.307  -190.52  1400  0
-104.31  -190.52  1405  0
-109.31  -190.52  1410  0.0008
-114.32  -190.5  1415  0.01577
-119.35  -190.08  1420  0.01647
-124.25  -189.26  1425  0.02355
-129.03  -187.87  1430  0.02101
-133.72  -185.95  1435  0.01924
-138.12  -183.63  1440  0.02122
-142.25  -180.86  1445  0.02037
-146.14  -177.63  1450  0.02038
-149.63  -174.07  1455  0.0206
