1 1 -6.64514979e+03
2 1 -5.34956798e-05
3 1 5.79012467e+03
4 1 3.28603978e-05
5 1 -2.20024738e+02
6 1 8.09022997e-05
11 1 -7.86087418e+02
12 1 -6.05438743e+01
17 1 -7.86087385e+02
18 1 6.05438718e+01
43 1 6.64514979e+03
44 1 5.34956798e-05
45 1 -5.79012467e+03
46 1 -2.21612620e-05
47 1 4.77714458e+03
48 1 -3.76184211e-05
1 2 -5.34956798e-05
2 2 -4.76226491e+03
3 2 -6.57207956e-05
4 2 -3.08177848e+03
5 2 2.49739024e-06
6 2 1.27746932e+03
10 2 7.86087418e+02
12 2 -1.45575676e-09
16 2 7.86087385e+02
18 2 1.32566172e-09
43 2 5.34956798e-05
44 2 4.76226491e+03
45 2 6.57207956e-05
46 2 2.56015666e+03
47 2 -6.32757726e-05
48 2 2.35137654e+03
1 3 5.79012467e+03
2 3 -6.57207956e-05
3 3 1.75308399e+03
4 3 -6.90621845e-05
5 3 -1.59975262e+02
6 3 -3.53577882e-05
10 3 6.05438743e+01
11 3 1.45575676e-09
16 3 -6.05438718e+01
17 3 -1.32566172e-09
43 3 -5.79012467e+03
44 3 6.57207956e-05
45 3 -1.75308399e+03
46 3 7.96861733e-05
47 3 2.65385020e+03
48 3 8.54370344e-05
1 4 3.28603978e-05
2 4 -3.08177848e+03
3 4 -6.90597890e-05
4 4 1.82765976e+03
5 4 2.55217482e-07
6 4 -1.50352803e+03
10 4 -6.77917111e+01
11 4 8.00666217e-10
12 4 1.87210319e-10
16 4 -6.77917083e+01
17 4 7.29113943e-10
18 4 -1.70480097e-10
43 4 -3.28603978e-05
44 4 3.08177848e+03
45 4 6.90621845e-05
46 4 -1.07537024e+03
47 4 -4.62995836e-05
48 4 3.84984389e+03
1 5 -2.20024738e+02
2 5 2.49739024e-06
3 5 -1.59975262e+02
4 5 2.52044511e-07
5 5 1.68494943e+02
6 5 3.06254995e-06
11 5 -1.01090842e+02
12 5 -7.78594223e+00
17 5 -1.01090838e+02
18 5 7.78594191e+00
43 5 2.20024738e+02
44 5 -2.49739024e-06
45 5 1.59975262e+02
46 5 -9.98956097e-07
47 5 -1.43977736e+02
48 5 -3.24660731e-06
1 6 8.08999042e-05
2 6 1.27746932e+03
3 6 -3.53577882e-05
4 6 -1.50352803e+03
5 6 3.06110386e-06
6 6 -7.29956906e+02
11 6 4.32348080e+02
12 6 3.32991308e+01
17 6 -4.32348062e+02
18 6 3.32991295e+01
43 6 -8.09022997e-05
44 6 -1.27746932e+03
45 6 3.53577882e-05
46 6 1.24603483e+03
47 6 -3.18220093e-05
48 6 -2.98665003e+02
7 7 1.51359686e+02
11 7 -1.18968713e+01
12 7 6.81118586e+01
43 7 -1.51359686e+02
47 7 2.27039529e+01
48 7 1.51359686e+01
10 8 2.97404767e-10
12 8 1.55335350e-09
9 9 1.51359686e+02
10 9 -6.81118586e+01
11 9 1.51359686e+01
45 9 -1.51359686e+02
46 9 -1.51359686e+01
47 9 1.00200112e+02
8 10 -2.97404767e-10
9 10 -7.56798428e+00
10 10 3.23039337e+00
11 10 -9.31997984e-01
12 10 9.99668055e-01
45 10 7.56798428e+00
46 10 7.56798428e-01
47 10 -5.01000560e+00
7 11 -1.18968713e+01
9 11 1.51359686e+01
10 11 -9.31997985e-01
11 11 8.32787881e+00
12 11 -3.88995464e+01
43 11 1.18968713e+01
45 11 -1.51359686e+01
46 11 -1.51359686e+00
47 11 8.23548050e+00
48 11 -1.18968713e+00
7 12 7.56798428e+00
8 12 -1.55335350e-09
10 12 9.99668055e-01
11 12 4.04824491e-01
12 12 -2.29839539e+00
43 12 -7.56798428e+00
47 12 1.13519764e+00
48 12 7.56798428e-01
13 13 1.51359679e+02
17 13 -1.18968708e+01
18 13 -6.81118557e+01
43 13 -1.51359679e+02
47 13 2.27039519e+01
48 13 -1.51359679e+01
16 14 8.56061888e-11
18 14 5.40708220e-10
15 15 1.51359679e+02
16 15 6.81118557e+01
17 15 1.51359679e+01
45 15 -1.51359679e+02
46 15 1.51359679e+01
47 15 1.00200108e+02
14 16 -8.56061888e-11
15 16 7.56798397e+00
16 16 3.23039324e+00
17 16 9.31997946e-01
18 16 9.99668014e-01
45 16 -7.56798397e+00
46 16 7.56798397e-01
47 16 5.01000539e+00
13 17 -1.18968708e+01
15 17 1.51359679e+01
16 17 9.31997946e-01
17 17 8.32787847e+00
18 17 3.88995448e+01
43 17 1.18968708e+01
45 17 -1.51359679e+01
46 17 1.51359679e+00
47 17 8.23548016e+00
48 17 1.18968708e+00
13 18 -7.56798397e+00
14 18 -5.40708220e-10
16 18 9.99668014e-01
17 18 -4.04824474e-01
18 18 -2.29839529e+00
43 18 7.56798397e+00
47 18 -1.13519760e+00
48 18 7.56798397e-01
35 19 -2.45250000e+01
36 19 -4.40417497e+02
41 19 -2.45250000e+01
42 19 4.40417497e+02
34 20 2.45250000e+01
36 20 3.09276164e-06
40 20 2.45250000e+01
42 20 -3.09338284e-06
34 21 4.40417497e+02
35 21 -3.09276164e-06
40 21 -4.40417497e+02
41 21 3.09338284e-06
20 22 7.81241738e-11
21 22 -3.80339316e-10
22 22 -4.84459247e+02
23 22 3.40539225e-06
24 22 -3.93622678e-11
34 22 2.42229624e+02
35 22 -1.70101890e-06
40 22 2.42229624e+02
41 22 -1.70136056e-06
19 23 -7.81241738e-11
21 23 -6.21201850e-10
22 23 3.40237946e-06
24 23 -4.70743444e-10
19 24 3.80339316e-10
20 24 6.21201850e-10
24 24 -4.84459247e+02
35 24 1.34887500e+01
36 24 2.42229624e+02
41 24 -1.34887500e+01
42 24 2.42229624e+02
25 25 2.97467576e+03
26 25 -5.91672103e-05
28 25 -1.69218222e-06
29 25 -8.50757267e+01
35 25 -2.45249983e+01
36 25 8.15006263e+02
41 25 -2.45250017e+01
42 25 -8.15006330e+02
43 25 -2.97467576e+03
44 25 5.91672103e-05
46 25 1.18334421e-05
47 25 5.94935152e+02
48 25 2.19707575e-05
25 26 -5.91672103e-05
26 26 1.07088327e+03
28 26 3.06272616e+01
29 26 1.69218222e-06
34 26 2.45249983e+01
36 26 6.06833858e+02
40 26 2.45250017e+01
42 26 6.06833852e+02
43 26 5.91672103e-05
44 26 -1.07088327e+03
46 26 -2.14176655e+02
47 26 -1.18334421e-05
48 26 -3.97654655e+02
27 27 4.04555903e+03
34 27 -8.15006263e+02
35 27 -6.06833858e+02
40 27 8.15006330e+02
41 27 -6.06833852e+02
45 27 -4.04555903e+03
46 27 -6.70561717e-05
47 27 -1.86904827e+03
25 28 -1.69218222e-06
26 28 3.06272616e+01
27 28 1.09776011e-09
28 28 8.97382866e+02
29 28 3.19267122e-06
30 28 3.47108965e+01
34 28 -4.48253445e+02
35 28 -3.33758622e+02
40 28 -4.48253482e+02
41 28 3.33758619e+02
43 28 1.69218222e-06
44 28 -3.06272616e+01
46 28 -6.12545232e+00
47 28 -3.38436443e-07
48 28 -1.13729231e+01
25 29 -8.50757267e+01
26 29 1.69218222e-06
27 29 5.39330358e-10
28 29 3.18959062e-06
29 29 2.43316578e+00
30 29 1.91749707e-06
43 29 8.50757267e+01
44 29 -1.69218222e-06
46 29 -3.38436443e-07
47 29 -1.70151453e+01
48 29 -6.28363662e-07
25 30 -1.09776011e-09
26 30 -5.39330358e-10
28 30 3.47108965e+01
29 30 1.91780651e-06
30 30 8.96506926e+02
35 30 1.34887490e+01
36 30 -4.48253445e+02
41 30 -1.34887510e+01
42 30 -4.48253482e+02
31 31 -2.28823984e+03
32 31 -1.45764798e+03
33 31 2.91529596e+03
34 31 -3.33218329e+02
35 31 -6.35658281e+02
36 31 -5.79374939e+02
43 31 2.28823991e+03
44 31 1.45764798e+03
45 31 -2.91529596e+03
46 31 -1.16611839e+03
47 31 -1.74917758e+03
48 31 -1.78988475e+03
73 31 -6.74062200e-05
77 31 3.37031100e-06
78 31 3.37031100e-06
31 32 -1.45764798e+03
32 32 -3.06239015e+03
33 32 -2.91529598e+03
34 32 6.55949056e+02
35 32 3.68201882e+02
36 32 -8.21587134e+02
43 32 1.45764798e+03
44 32 3.06239015e+03
45 32 2.91529596e+03
46 32 1.16611839e+03
47 32 1.74917758e+03
48 32 -2.31366055e+03
74 32 -3.23624132e-06
75 32 1.44107438e-05
76 32 5.58725123e-07
31 33 2.91529596e+03
32 33 -2.91529598e+03
33 33 1.31055386e+03
34 33 -6.58459820e+01
35 33 1.02675143e+02
36 33 -3.49835530e+01
43 33 -2.91529596e+03
44 33 2.91529596e+03
45 33 -1.31055380e+03
46 33 -4.46806495e+02
47 33 -8.93165011e+02
48 33 -5.83059193e+02
74 33 1.44107438e-05
75 33 -6.41699787e-05
76 33 -2.48796174e-06
31 34 -3.33218329e+02
32 34 -9.32285280e+01
33 34 -4.40434748e+02
34 34 7.65924797e+01
35 34 4.22170040e+01
36 34 -5.74579137e+01
43 34 3.33218329e+02
44 34 9.32285273e+01
45 34 4.40434751e+02
46 34 1.72303149e+02
47 34 2.69602487e+02
48 34 -1.96852305e+02
74 34 7.20537189e-07
75 34 -3.20849893e-06
76 34 -1.24398087e-07
31 35 1.13519303e+02
32 35 3.68201882e+02
33 35 -5.04158718e+02
34 35 4.22170040e+01
35 35 8.97789901e+01
36 35 7.66766002e+01
43 35 -1.13519303e+02
44 35 -3.68201880e+02
45 35 5.04158711e+02
46 35 2.01663484e+02
47 35 3.02495227e+02
48 35 2.66328849e+02
74 35 -1.44107438e-06
75 35 6.41699787e-06
76 35 2.48796174e-07
31 36 -2.04786174e+02
32 36 -2.14753273e+02
33 36 -3.49835530e+01
34 36 3.22547177e+00
35 36 -8.95439680e+00
36 36 -6.55079569e+01
43 36 2.04786170e+02
44 36 2.14753274e+02
45 36 3.49835516e+01
46 36 1.39934206e+01
47 36 2.09901309e+01
48 36 -2.10766432e+02
73 36 3.37031100e-06
74 36 -3.23624132e-07
75 36 1.44107438e-06
76 36 5.58725123e-08
77 36 -1.68515550e-07
78 36 -1.68515550e-07
37 37 -2.28824014e+03
38 37 1.45764802e+03
39 37 2.91529603e+03
40 37 3.33218336e+02
41 37 -6.35658293e+02
42 37 5.79375010e+02
43 37 2.28824008e+03
44 37 -1.45764802e+03
45 37 -2.91529603e+03
46 37 1.16611841e+03
47 37 -1.74917762e+03
48 37 1.78988484e+03
79 37 6.74027619e-05
83 37 -3.37013809e-06
84 37 3.37013809e-06
37 38 1.45764802e+03
38 38 -3.06239021e+03
39 38 2.91529602e+03
40 38 6.55949061e+02
41 38 -3.68201887e+02
42 38 -8.21587135e+02
43 38 -1.45764802e+03
44 38 3.06239021e+03
45 38 -2.91529603e+03
46 38 1.16611841e+03
47 38 -1.74917762e+03
48 38 -2.31366061e+03
80 38 3.23607529e-06
81 38 1.44100045e-05
82 38 -5.58696459e-07
37 39 2.91529603e+03
38 39 2.91529602e+03
39 39 1.31055377e+03
40 39 6.58459319e+01
41 39 1.02675140e+02
42 39 3.49835509e+01
43 39 -2.91529603e+03
44 39 -2.91529603e+03
45 39 -1.31055384e+03
46 39 4.46806522e+02
47 39 -8.93165021e+02
48 39 5.83059206e+02
80 39 1.44100045e-05
81 39 6.41666866e-05
82 39 -2.48783411e-06
37 40 3.33218336e+02
38 40 -9.32285521e+01
39 40 4.40434765e+02
40 40 7.65924846e+01
41 40 -4.22170065e+01
42 40 -5.74579199e+01
43 40 -3.33218336e+02
44 40 9.32285529e+01
45 40 -4.40434761e+02
46 40 1.72303154e+02
47 40 -2.69602493e+02
48 40 -1.96852322e+02
80 40 -7.20500224e-07
81 40 -3.20833433e-06
82 40 1.24391705e-07
37 41 1.13519320e+02
38 41 -3.68201887e+02
39 41 -5.04158709e+02
40 41 -4.22170065e+01
41 41 8.97789907e+01
42 41 -7.66766038e+01
43 41 -1.13519320e+02
44 41 3.68201889e+02
45 41 5.04158716e+02
46 41 -2.01663486e+02
47 41 3.02495229e+02
48 41 -2.66328861e+02
80 41 -1.44100045e-06
81 41 -6.41666866e-06
82 41 2.48783411e-07
37 42 2.04786177e+02
38 42 -2.14753286e+02
39 42 3.49835509e+01
40 42 3.22546564e+00
41 42 8.95439823e+00
42 42 -6.55079584e+01
43 42 -2.04786181e+02
44 42 2.14753285e+02
45 42 -3.49835524e+01
46 42 1.39934209e+01
47 42 -2.09901314e+01
48 42 -2.10766444e+02
79 42 3.37013809e-06
80 42 3.23607529e-07
81 42 1.44100045e-06
82 42 -5.58696459e-08
83 42 -1.68506905e-07
84 42 1.68506905e-07
1 43 6.64514979e+03
2 43 5.34956798e-05
3 43 -5.79012467e+03
4 43 -3.28603978e-05
5 43 2.20024738e+02
6 43 -8.09022997e-05
7 43 -1.51359686e+02
11 43 1.18968713e+01
12 43 -7.56798428e+00
13 43 -1.51359679e+02
17 43 1.18968708e+01
18 43 7.56798397e+00
25 43 -2.97467576e+03
26 43 5.91672103e-05
28 43 1.69218222e-06
29 43 8.50757267e+01
31 43 2.28823991e+03
32 43 1.45764798e+03
33 43 -2.91529596e+03
34 43 3.33218329e+02
35 43 -1.13519303e+02
36 43 2.04786170e+02
37 43 2.28824008e+03
38 43 -1.45764802e+03
39 43 -2.91529603e+03
40 43 -3.33218336e+02
41 43 -1.13519320e+02
42 43 -2.04786181e+02
43 43 -7.94423465e+03
44 43 -7.95339289e-05
45 43 1.16207167e+04
46 43 -1.61753492e-05
47 43 -1.89951244e+03
48 43 -2.39313632e-05
89 43 9.81000000e+00
90 43 8.57237571e-10
1 44 5.34956798e-05
2 44 4.76226491e+03
3 44 6.57207956e-05
4 44 3.08177848e+03
5 44 -2.49739024e-06
6 44 -1.27746932e+03
25 44 5.91672103e-05
26 44 -1.07088327e+03
28 44 -3.06272616e+01
29 44 -1.69218222e-06
31 44 1.45764798e+03
32 44 3.06239015e+03
33 44 2.91529596e+03
34 44 9.32285273e+01
35 44 -3.68201880e+02
36 44 2.14753274e+02
37 44 -1.45764802e+03
38 44 3.06239021e+03
39 44 -2.91529603e+03
40 44 9.32285529e+01
41 44 3.68201889e+02
42 44 2.14753285e+02
43 44 -7.95339289e-05
44 44 -9.81616199e+03
45 44 5.37126880e-07
46 44 -4.69783680e+03
47 44 1.14863968e-04
48 44 2.67359928e+03
88 44 -9.81000000e+00
90 44 3.22088278e-10
1 45 -5.79012467e+03
2 45 6.57207956e-05
3 45 -1.75308399e+03
4 45 6.90621845e-05
5 45 1.59975262e+02
6 45 3.53577882e-05
9 45 -1.51359686e+02
10 45 7.56798428e+00
11 45 -1.51359686e+01
15 45 -1.51359679e+02
16 45 -7.56798397e+00
17 45 -1.51359679e+01
27 45 -4.04555903e+03
31 45 -2.91529596e+03
32 45 2.91529596e+03
33 45 -1.31055380e+03
34 45 4.40434751e+02
35 45 5.04158711e+02
36 45 3.49835516e+01
37 45 -2.91529603e+03
38 45 -2.91529603e+03
39 45 -1.31055384e+03
40 45 -4.40434761e+02
41 45 5.04158716e+02
42 45 -3.49835524e+01
43 45 1.16207167e+04
44 45 5.37126880e-07
45 45 8.72247002e+03
46 45 -8.56480217e-05
47 45 8.01127888e+02
48 45 -9.86886189e-05
88 45 -8.57237571e-10
89 45 -3.22088278e-10
1 46 -2.21612620e-05
2 46 2.56015666e+03
3 46 7.96861733e-05
4 46 -1.07537024e+03
5 46 -9.98956097e-07
6 46 1.24603483e+03
9 46 -1.51359686e+01
10 46 7.56798428e-01
11 46 -1.51359686e+00
15 46 1.51359679e+01
16 46 7.56798397e-01
17 46 1.51359679e+00
25 46 1.18334421e-05
26 46 -2.14176655e+02
27 46 -6.70561717e-05
28 46 -6.12545232e+00
29 46 -3.38436443e-07
31 46 -1.16611839e+03
32 46 1.16611839e+03
33 46 -4.46806495e+02
34 46 1.72303149e+02
35 46 2.01663484e+02
36 46 1.39934206e+01
37 46 1.16611841e+03
38 46 1.16611841e+03
39 46 4.46806522e+02
40 46 1.72303154e+02
41 46 -2.01663486e+02
42 46 1.39934209e+01
43 46 -1.61753492e-05
44 46 -4.67821680e+03
45 46 -3.84637686e-05
46 46 6.03631360e+02
47 46 9.38327390e-05
48 46 -2.89362945e+03
88 46 -1.96200000e+00
90 46 6.44176555e-11
1 47 4.77714458e+03
2 47 -6.32757726e-05
3 47 2.65385020e+03
4 47 -4.62995836e-05
5 47 -1.43977736e+02
6 47 -3.18220093e-05
7 47 2.27039529e+01
9 47 1.00200112e+02
10 47 -5.01000560e+00
11 47 8.23548050e+00
12 47 1.13519764e+00
13 47 2.27039519e+01
15 47 1.00200108e+02
16 47 5.01000539e+00
17 47 8.23548016e+00
18 47 -1.13519760e+00
25 47 5.94935152e+02
26 47 -1.18334421e-05
27 47 -1.86904827e+03
28 47 -3.38436443e-07
29 47 -1.70151453e+01
31 47 -1.74917758e+03
32 47 1.74917758e+03
33 47 -8.93165011e+02
34 47 2.69602487e+02
35 47 3.02495227e+02
36 47 2.09901309e+01
37 47 -1.74917762e+03
38 47 -1.74917762e+03
39 47 -8.93165021e+02
40 47 -2.69602493e+02
41 47 3.02495229e+02
42 47 -2.09901314e+01
43 47 -1.91913244e+03
44 47 1.14863968e-04
45 47 8.01127888e+02
46 47 6.25947057e-05
47 47 5.31269092e+03
48 47 6.35404977e-05
88 47 -4.81767515e-10
89 47 -1.96200000e+00
90 47 -1.71447514e-10
1 48 -3.76184211e-05
2 48 2.35137654e+03
3 48 8.54370344e-05
4 48 3.84984389e+03
5 48 -3.24660731e-06
6 48 -2.98665003e+02
7 48 1.51359686e+01
11 48 -1.18968713e+00
12 48 7.56798428e-01
13 48 -1.51359679e+01
17 48 1.18968708e+00
18 48 7.56798397e-01
25 48 2.19707575e-05
26 48 -3.97654655e+02
28 48 -1.13729231e+01
29 48 -6.28363662e-07
31 48 -1.78988475e+03
32 48 -2.31366055e+03
33 48 -5.83059193e+02
34 48 -1.96852305e+02
35 48 2.66328849e+02
36 48 -2.10766432e+02
37 48 1.78988484e+03
38 48 -2.31366061e+03
39 48 5.83059206e+02
40 48 -1.96852322e+02
41 48 -2.66328861e+02
42 48 -2.10766444e+02
43 48 -7.11156163e-05
44 48 2.67359928e+03
45 48 -9.86886189e-05
46 48 -2.88064101e+03
47 48 7.61566507e-05
48 48 -6.85431992e+03
88 48 5.51322000e+00
90 48 -1.81013612e-10
11 49 7.86087418e+02
12 49 2.12981433e-09
10 50 -7.86087418e+02
12 50 -9.75967461e-11
10 51 -2.12981433e-09
11 51 9.75967461e-11
51 51 1.00000000e+05
50 52 -1.58271547e-08
51 52 1.48337752e-11
52 52 -2.02125244e+02
49 53 1.58271547e-08
51 53 5.49544364e-10
52 53 5.61663087e-11
54 53 -1.22385942e-09
49 54 -1.48337752e-11
50 54 -5.49544364e-10
52 54 -1.47936458e-10
53 54 -4.83484555e-10
17 55 7.86087385e+02
18 55 1.67070242e-09
16 56 -7.86087385e+02
18 56 -1.86636994e-09
16 57 -1.67070242e-09
17 57 1.86636994e-09
57 57 1.00000000e+05
56 58 -9.81014097e-08
57 58 1.67070242e-09
58 58 -2.02125236e+02
55 59 9.81014097e-08
57 59 1.45419342e-09
58 59 -3.40830796e-10
60 59 -8.09060183e-10
55 60 -1.67070242e-09
56 60 -1.45419342e-09
58 60 -7.59080783e-10
35 61 7.98227582e+02
36 61 -2.94673275e-10
34 62 -7.98227582e+02
36 62 5.85369209e-12
34 63 2.94673275e-10
35 63 -5.85369209e-12
63 63 1.00000000e+05
62 64 2.00309245e-08
63 64 -2.94673275e-10
64 64 -2.04900485e+02
61 65 -2.00309245e-08
63 65 3.83765490e-10
64 65 -7.12342955e-10
66 65 -2.91512973e-10
61 66 2.94673275e-10
62 66 -3.83765490e-10
64 66 -8.63906369e-11
41 67 7.98227615e+02
42 67 -1.22670603e-09
40 68 -7.98227615e+02
42 68 -1.51252827e-09
40 69 1.22670603e-09
41 69 1.51252827e-09
69 69 1.00000000e+05
68 70 1.21299166e-08
69 70 -5.14686737e-10
70 70 -2.04900493e+02
67 71 -1.21299166e-08
69 71 -1.05805147e-09
70 71 -9.46092825e-10
72 71 9.48513730e-11
67 72 5.14686737e-10
68 72 1.05805147e-09
70 72 -1.03893395e-10
71 72 1.62767610e-10
31 73 -6.74062200e-05
36 73 3.37031100e-06
47 73 -9.80998026e+00
48 73 -2.35919292e-05
73 73 -7.70448544e-05
77 73 -3.37031100e-06
78 73 -1.78154184e-05
85 73 1.44451074e-04
90 73 -1.44451074e-05
32 74 -3.23624132e-06
33 74 1.44107438e-05
34 74 7.20537189e-07
35 74 -1.44107438e-06
36 74 -3.23624132e-07
46 74 9.80998026e+00
48 74 -7.46471542e-10
74 74 -1.41214833e-04
75 74 -1.44107438e-05
76 74 -5.58725123e-07
86 74 1.44451074e-04
90 74 -1.44451074e-05
32 75 1.44107438e-05
33 75 -6.41699787e-05
34 75 -3.20849893e-06
35 75 6.41699787e-06
36 75 1.44107438e-06
46 75 2.35919292e-05
47 75 7.46471542e-10
74 75 -1.44107438e-05
75 75 6.41699787e-05
76 75 2.48796174e-06
32 76 5.58725123e-07
33 76 -2.48796174e-06
34 76 -1.24398087e-07
35 76 2.48796174e-07
36 76 5.58725123e-08
74 76 -5.59670839e-07
75 76 2.48820950e-06
76 76 1.01116424e-06
77 76 2.02506844e-09
78 76 1.97797080e-10
31 77 3.37031100e-06
36 77 -1.68515550e-07
73 77 -3.36936528e-06
75 77 -7.46471542e-10
77 77 -9.63908946e-08
78 77 1.34811985e-06
31 78 3.37031100e-06
36 78 -1.68515550e-07
73 78 -1.78156662e-05
74 78 7.46471542e-10
77 78 1.34812440e-06
78 78 -9.63863441e-08
85 78 1.44451074e-05
90 78 -1.44451074e-06
37 79 6.74027619e-05
42 79 3.37013809e-06
47 79 -9.81001974e+00
48 79 -2.35926461e-05
79 79 7.70471347e-05
83 79 3.37013809e-06
84 79 -1.78151277e-05
85 79 -1.44449897e-04
90 79 -1.44449897e-05
38 80 3.23607529e-06
39 80 1.44100045e-05
40 80 -7.20500224e-07
41 80 -1.44100045e-06
42 80 3.23607529e-07
46 80 9.81001974e+00
48 80 6.44802846e-11
80 80 1.41213821e-04
81 80 -1.44100045e-05
82 80 5.58696459e-07
86 80 -1.44449897e-04
90 80 1.44449897e-05
38 81 1.44100045e-05
39 81 6.41666866e-05
40 81 -3.20833433e-06
41 81 -6.41666866e-06
42 81 1.44100045e-06
46 81 2.35926461e-05
47 81 -6.44802846e-11
80 81 -1.44100045e-05
81 81 -6.41666866e-05
82 81 2.48783411e-06
38 82 -5.58696459e-07
39 82 -2.48783411e-06
40 82 1.24391705e-07
41 82 2.48783411e-07
42 82 -5.58696459e-08
80 82 5.60433280e-07
81 82 2.48615467e-06
82 82 -1.01111236e-06
83 82 2.02490906e-09
84 82 1.96975929e-10
37 83 -3.37013809e-06
42 83 -1.68506905e-07
79 83 3.36840127e-06
81 83 6.44802846e-11
83 83 9.63859495e-08
84 83 1.34811302e-06
37 84 3.37013809e-06
42 84 1.68506905e-07
79 84 -1.78134483e-05
80 84 -6.44802846e-11
83 84 1.34805524e-06
84 84 9.64437284e-08
85 84 1.44449897e-05
90 84 1.44449897e-06
73 85 1.44451074e-04
78 85 1.44451074e-05
79 85 -1.44449897e-04
84 85 1.44449897e-05
85 85 -1.17781327e-09
89 85 -9.81000000e+00
90 85 2.88892399e-05
74 86 1.44451074e-04
80 86 -1.44449897e-04
86 86 -1.17781327e-09
88 86 9.81000000e+00
90 86 -2.04306951e-10
88 87 8.57237571e-10
89 87 3.22088278e-10
86 88 9.30604926e-10
87 88 -8.57237571e-10
90 88 -1.17781327e-11
85 89 -9.30604926e-10
87 89 -3.22088278e-10
88 89 -2.02413647e-09
90 89 -1.33446793e-09
73 90 -1.44451074e-05
74 90 -1.44451074e-05
78 90 -1.44451074e-06
79 90 -1.44449897e-05
80 90 1.44449897e-05
84 90 1.44449897e-06
85 90 2.88909543e-05
86 90 4.39869604e-10
90 90 -2.35562654e-11
